,big_category,small_category,job_name,company_name,salary,work_area,company_type,work_year,education,recruitment_scale,welfare,company_size
0,前端开发,Web前端开发,前段开发工程师,小米通讯技术有限公司,1.5-3万/月,上海-徐汇区,民营公司,3-4年经验,6,招1人,带薪年假 五险一金 绩效奖金 专业培训 节日福利,10000人以上
1,前端开发,Web前端开发,Web前端开发工程师,上海第九城市信息技术有限公司,1-2万/月,上海-虹口区,上市公司,3-4年经验,5,招1人,五险一金 带薪年假 交通补贴 餐饮补贴 做五休二,50-150人
2,前端开发,Web前端开发,前端开发工程师,武汉佰钧成技术有限责任公司,2-3万/月,上海-浦东新区,民营公司,3-4年经验,6,招2人,五险一金 补充医疗保险 定期体检 员工旅游 专业培训,10000人以上
3,前端开发,Web前端开发,前端开发工程师,上海砾阳软件有限公司,1-1.5万/月,上海-浦东新区,民营公司,2年经验,6,招2人,做五休二 周末双休 带薪年假 五险一金 绩效奖金 节日福利 专业培训 餐饮补贴 加班补贴,150-500人
4,前端开发,Web前端开发,前端开发工程师(vue ),上海倍增智能科技有限公司,1.4-2万/月,上海-宝山区,民营公司,2年经验,5,招1人,包吃 全勤奖 节日福利 绩效奖金 带薪年假 五险一金 年终奖金,500-1000人
5,前端开发,Web前端开发,前端开发工程师（急）,上海缆新信息技术有限公司,1.2-1.8万/月,上海-杨浦区,创业公司,3-4年经验,5,招2人,五险一金 餐饮补贴 弹性工作 年终奖金 专业培训 绩效奖金 员工旅游 定期体检,少于50人
6,前端开发,Web前端开发,高级前端开发工程师,上海联平科技有限公司,1.5-3万/月,上海-奉贤区,民营公司,3-4年经验,5,招若干人,五险一金 员工旅游 交通补贴 餐饮补贴 通讯补贴 专业培训 绩效奖金 年终奖金,50-150人
7,前端开发,Web前端开发,Web前端开发,苏州大软信息智能科技有限公司,1-1.5万/月,上海-虹口区,外资（欧美）,3-4年经验,6,招2人,五险一金 节假日福利 年终奖金,
8,前端开发,Web前端开发,Front End Developer,上海商壹汇信息科技有限公司,1.5-3万/月,上海-长宁区,外资（非欧美）,无需经验,6,招1人,五险一金 补充医疗保险 弹性工作 扁平管理 休闲餐点 团队聚餐 领导好 发展空间大 带薪年假 技能培训,150-500人
9,前端开发,Web前端开发,Web前端开发/前端工程师,朗曦国际（上海）信息技术有限公司,0.8-1万/月,上海-长宁区,合资,3-4年经验,5,招1人,五险一金 年终奖金 绩效奖金 弹性工作,少于50人
10,前端开发,Web前端开发,前端开发工程师,上海璞映智能科技有限公司,1-1.5万/月,上海-浦东新区,合资,3-4年经验,5,招1人,周末双休 带薪年假 节日福利 年底奖金,150-500人
11,前端开发,Web前端开发,Web前端开发工程师/合肥研发中心,上海蓝矩信息科技有限公司,6-8千/月,异地招聘,民营公司,1年经验,6,招2人,五险一金 餐饮补贴 年终奖金 绩效奖金 员工旅游,少于50人
12,前端开发,Web前端开发,前端开发工程师,南京迈特望科技股份有限公司,1-1.5万/月,异地招聘,上市公司,2年经验,5,招若干人,,1000-5000人
13,前端开发,Web前端开发,web前端开发工程师（远程办公）,上海本原网络科技有限公司,1.8-2.3万/月,上海-闵行区,民营公司,3-4年经验,6,招1人,,少于50人
14,前端开发,Web前端开发,前端开发工程师,深圳思谋信息科技有限公司,2.5-5万/月,异地招聘,外资（非欧美）,3-4年经验,6,招若干人,五险一金 绩效奖金 年终奖金 定期体检 专业培训,150-500人
15,前端开发,Web前端开发,HTML5开发工程师,易批生鲜信息发展股份有限公司,0.8-1.5万/月,上海-普陀区,民营公司,3-4年经验,5,招1人,五险一金 餐饮补贴 交通补贴 通讯补贴 定期体检 绩效奖金 员工旅游,50-150人
16,前端开发,Web前端开发,前端开发工程师,上海开始网络科技有限公司,1.2-1.8万/月,上海-浦东新区,民营公司,3-4年经验,6,招2人,五险一金 专业培训 绩效奖金 带薪年假 股票期权 定期体检,少于50人
17,前端开发,Web前端开发,Web前端开发工程师,上海奥拓翰明计算机科技有限公司,1-1.5万/月,上海-静安区,民营公司,2年经验,6,招3人,五险一金 餐饮补贴 员工旅游 定期体检,150-500人
18,前端开发,Web前端开发,前端开发工程师（环球金融大厦）,上海吉贝克信息技术有限公司,1.6-2.3万/月,上海,民营公司,2年经验,6,招5人,五险一金 绩效奖金 年终奖金 通讯补贴 专业培训,500-1000人
19,前端开发,Web前端开发,Web前端开发工程师,上海苏铁信息科技有限公司,1.5-2万/月,上海-长宁区,民营公司,3-4年经验,5,招2人,五险一金 绩效奖金 年终奖金 定期体检 通讯补贴 团队建设,少于50人
20,前端开发,Web前端开发,Web前端开发工程师,南京廷桥信息技术有限公司,0.8-1.4万/月,上海-浦东新区,民营公司,2年经验,6,招4人,五险一金,少于50人
21,前端开发,Web前端开发,前端（外派平安）徐汇 或 浦东新区,上海讯锡信息科技有限公司,1-1.2万/月,上海-徐汇区,民营公司,3-4年经验,6,招1人,,500-1000人
22,前端开发,Web前端开发,Web前端开发工程师,中嘉仁和科技（北京）有限公司,10-24万/年,上海-浦东新区,外资（非欧美）,3-4年经验,6,招2人,五险一金 定期体检 绩效奖金 年终奖金,少于50人
23,前端开发,Web前端开发,Web前端开发工程师,上海久誉软件系统有限公司,2-2.8万/月,上海,国企,5-7年经验,6,招1人,五险一金 补充医疗保险 员工旅游 餐饮补贴 年终奖金 定期体检 绩效奖金,150-500人
24,前端开发,Web前端开发,Web前端开发工程师,上海廷桥信息技术有限公司,0.8-1.4万/月,上海-浦东新区,民营公司,2年经验,6,招4人,五险一金,少于50人
25,前端开发,Web前端开发,前端开发工程师,上海酷乐部信息技术有限公司,1.5-2.5万/月,上海-浦东新区,外资（欧美）,2年经验,5,招5人,五险一金 员工旅游 年终奖金 弹性工作 定期体检 周末双休 带薪年假 专业培训 节日福利,少于50人
26,前端开发,Web前端开发,Web前端开发工程师/html,玖纵网络科技（上海）有限公司,1.5-2.5万/月,上海-徐汇区,民营公司,3-4年经验,5,招3人,五险一金 绩效奖金 年终奖金,50-150人
27,前端开发,Web前端开发,Web前端开发工程师,上海好智信息技术有限公司,1-1.5万/月,上海-静安区,民营公司,2年经验,6,招2人,五险一金 通讯补贴 年终奖金 股票期权 定期体检,50-150人
28,前端开发,Web前端开发,前端开发工程师,上海航数智能科技有限公司,1-1.8万/月,上海-闵行区,民营公司,2年经验,6,招若干人,五险一金 专业培训 花样福利 员工期权激励 项目奖励 团建活动 定期体检,50-150人
29,前端开发,Web前端开发,WEB前端讲师,上海奉贤区八维宏烨培训学校,1.5-2万/月,上海-奉贤区,民营公司,招4人,,招4人,五险一金 绩效奖金 住房补贴 餐补 节日礼金,500-1000人
30,前端开发,Web前端开发,前端开发工程师,上海天玑科技股份有限公司,2-2.5万/月,上海-浦东新区,上市公司,3-4年经验,6,招1人,,500-1000人
31,前端开发,Web前端开发,前端程序员,上海赢式信息科技有限公司,0.8-1万/月,上海-杨浦区,民营公司,2年经验,5,招若干人,五险一金 绩效奖金 员工旅游 餐饮补贴 年终奖金 专业培训,少于50人
32,前端开发,Web前端开发,Web前端开发工程师,传声市场营销服务（上海）有限公司,1-1.5万/月,上海-徐汇区,民营公司,2年经验,6,招1人,周末双休 带薪年假 五险一金 节日福利 交通补贴 餐饮补贴 通讯补贴 带薪病假 员工旅游 商业保险,少于50人
33,前端开发,Web前端开发,前端开发工程师01,深圳市科联汇通科技有限公司上海分公司,1-1.5万/月,上海-杨浦区,民营公司,2年经验,5,招1人,五险一金 员工旅游 免费班车 绩效奖金,150-500人
34,前端开发,Web前端开发,Web前端开发工程师,上海新大陆翼码信息科技股份有限公司,0.8-1.2万/月,上海,民营公司,2年经验,5,招1人,五险一金 免费班车 通讯补贴 绩效奖金 定期体检,150-500人
35,前端开发,Web前端开发,前端开发工程师,中软国际科技服务有限公司,1.3-2.3万/月,上海-浦东新区,合资,2年经验,5,招10人,,10000人以上
36,前端开发,Web前端开发,H5前端开发工程师（中级）,上海皇家网络科技有限公司,1-1.5万/月,上海-浦东新区,民营公司,3-4年经验,5,招1人,五险一金 绩效奖金 项目奖金 交通补贴,50-150人
37,前端开发,Web前端开发,Web前端开发工程师(VUE)(25),上海复深蓝软件股份有限公司,1.5-2.5万/月,上海-浦东新区,上市公司,3-4年经验,5,招若干人,,1000-5000人
38,前端开发,Web前端开发,Web前端开发工程师,上海届远信息技术有限公司,1-1.5万/月,上海-宝山区,民营公司,3-4年经验,5,招若干人,五险一金 年终奖金,50-150人
39,前端开发,Web前端开发,前端开发工程师,上海枭嵘信息科技有限公司,0.8-1.6万/月,上海,民营公司,2年经验,2,招若干人,五险一金 员工旅游 交通补贴 餐饮补贴 绩效奖金 年终奖金 股票期权 弹性工作 氛围nice,少于50人
40,前端开发,Web前端开发,前端高级工程师,上海汉中诺软件科技有限公司,1-1.5万/月,上海-浦东新区,合资,1年经验,6,招2人,,50-150人
41,前端开发,Web前端开发,web前端工程师,名炬企业管理（上海）有限公司,0.6-1.5万/月,上海-宝山区,民营公司,2年经验,5,招若干人,带薪年假 五险一金 做五休二 加班补贴 包住宿,150-500人
42,前端开发,Web前端开发,前端开发工程师,上海弘连网络科技有限公司,0.8-1.8万/月,上海-闵行区,民营公司,1年经验,6,招2人,五险一金 弹性工作 年终奖金 定期体检 专业培训 餐饮补贴,150-500人
43,前端开发,Web前端开发,前端开发工程师,上海盘正信息科技有限公司,1.5-2万/月,上海-浦东新区,民营公司,1年经验,5,招1人,,少于50人
44,前端开发,Web前端开发,前端开发工程师,上海中畅数据技术有限公司,1.2-1.7万/月,上海-浦东新区,民营公司,2年经验,6,招3人,,
45,前端开发,Web前端开发,前端开发工程师,澳汰尔工程软件（上海）有限公司,20-30万/年,上海-静安区,外资（欧美）,3-4年经验,6,招1人,补充医疗保险 员工旅游 五险一金 出国机会 弹性工作 定期体检 餐饮补贴 通讯补贴 交通补贴,50-150人
46,前端开发,Web前端开发,Web前端开发工程师,上海欧萨数据技术有限公司,0.8-1万/月,上海-杨浦区,民营公司,1年经验,6,招1人,专业培训 周末双休 定期体检 五险一金 高温补贴 带薪年假,50-150人
47,前端开发,Web前端开发,React前端开发工程师,上海慧龙计算机系统有限公司,1.5-2.5万/月,上海-普陀区,民营公司,3-4年经验,5,招2人,五险一金 员工旅游 餐饮补贴 年终奖金 交通补贴,50-150人
48,前端开发,Web前端开发,Web前端工程师,上海易予信息技术有限公司,1-1.5万/月,上海-浦东新区,民营公司,3-4年经验,5,招若干人,五险一金 专业培训 年终奖金 通讯补贴,50-150人
49,前端开发,Web前端开发,高级前端开发工程师,上海新晨信息集成系统有限公司,1.2-1.5万/月,上海-浦东新区,上市公司,3-4年经验,6,招2人,五险一金 员工旅游 交通补贴 餐饮补贴 年终奖金 定期体检 周末双休 带薪年假 免费班车 节日福利,150-500人
50,前端开发,Web前端开发,Web前端开发工程师,上海馨橙网络科技有限公司,1-1.5万/月,上海-徐汇区,民营公司,2年经验,5,招2人,五险一金 弹性工作 年终奖金 团建,50-150人
51,前端开发,Web前端开发,前端开发工程师,上海信医科技有限公司,0.8-1.5万/月,上海-静安区,民营公司,1年经验,5,招若干人,周末双休 五险一金 节日福利 加班补贴,50-150人
52,前端开发,Web前端开发,Web前端工程师,上海旋荣科技股份有限公司,1-2万/月,上海-黄浦区,上市公司,2年经验,5,招2人,做五休二 五险一金 绩效奖金 周末双休 员工体检 公司旅游,50-150人
53,前端开发,Web前端开发,前端开发工程师,上海五零盛同信息科技有限公司,0.9-1.4万/月,上海-普陀区,国企,2年经验,6,招2人,五险一金 餐饮补贴 年终奖金 定期体检 绩效奖金,150-500人
54,前端开发,Web前端开发,Web前端开发工程师,上海汉朔信息科技有限公司,1-1.5万/月,上海-浦东新区,民营公司,3-4年经验,6,招若干人,五险一金 补充公积金 交通补贴 年终奖金,500-1000人
55,前端开发,Web前端开发,高级web工程师,上海芒宇信息科技股份有限公司,1.5-2.5万/月,上海-杨浦区,民营公司,5-7年经验,6,招若干人,五险一金 员工旅游 定期体检 绩效奖金 年终奖金 弹性工作,少于50人
56,前端开发,Web前端开发,Web前端开发工程师（react方向）,上海泛微网络科技股份有限公司,1.5-2万/月,上海-闵行区,上市公司,2年经验,6,招若干人,五险一金 免费班车 做五休二,5000-10000人
57,前端开发,Web前端开发,Web前端开发工程师,上海蓝宗电子科技有限公司,1-2万/月,上海-浦东新区,民营公司,1年经验,5,招3人,五险一金 绩效奖金 带薪年假 周末双休 加班补贴 节日福利,少于50人
58,前端开发,Web前端开发,Web前端开发工程师,上海天牧软件有限公司,1.4-2万/月,上海-长宁区,民营公司,3-4年经验,6,招若干人,五险一金 绩效奖金 股票期权 定期体检,50-150人
59,前端开发,Web前端开发,前端开发工程师,上海达华测绘有限公司,30-36万/年,上海,国企,2年经验,6,招2人,五险一金 餐饮补贴 通讯补贴 定期体检 绩效奖金 带薪年假 高温补贴 节日福利,150-500人
60,前端开发,Web前端开发,前端工程师,中仿智能科技（上海）股份有限公司,1-1.5万/月,上海-松江区,上市公司,1年经验,6,招若干人,五险一金 员工旅游 餐饮补贴 专业培训 年终奖金 弹性工作 人才公寓,50-150人
61,前端开发,Web前端开发,Javascript开发工程师,上海异瀚数码科技股份有限公司,0.7-1万/月,上海-长宁区,民营公司,1年经验,6,招2人,,150-500人
62,前端开发,Web前端开发,react前端工程师,上海得逸信息技术有限公司,1.2-2万/月,上海-青浦区,民营公司,2年经验,5,招5人,五险一金 定期体检 员工旅游 补充医疗保险 专业培训 弹性工作 交通补贴 绩效奖金,1000-5000人
63,前端开发,Web前端开发,Web前端开发工程师,上海龙进天下信息技术有限公司,0.8-1.2万/月,上海-浦东新区,民营公司,2年经验,5,招6人,五险一金 周末双休 弹性工作 带薪年假 节日福利 绩效奖金,50-150人
64,前端开发,Web前端开发,Web前端开发,上海软中信息技术有限公司,0.7-1万/月,上海-徐汇区,国企,3-4年经验,5,招2人,五险一金 补充医疗保险 员工旅游 餐饮补贴 绩效奖金 年终奖金 定期体检,150-500人
65,前端开发,Web前端开发,WebGL前端工程师,上海云止科技有限公司,2.5-3万/月,上海-嘉定区,民营公司,3-4年经验,5,招1人,五险一金 员工旅游 年终奖金 定期体检 做五休二,少于50人
66,前端开发,Web前端开发,前端开发工程师,上海天方夜谭网络科技有限公司,1-2万/月,上海-嘉定区,民营公司,3-4年经验,6,招1人,五险一金 带薪年假 住宿补贴,少于50人
67,前端开发,Web前端开发,1141F5-终端开发经理,平安科技（深圳）有限公司,3-4万/月,上海-浦东新区,民营公司,5-7年经验,6,招1人,五险一金 绩效奖金 带薪年假 补充医疗保险 定期体检 节日福利,1000-5000人
68,前端开发,Web前端开发,H5前端开发工程师,深圳市宝润兴业互联网信息服务有限公司,1-3万/月,上海-徐汇区,民营公司,3-4年经验,6,招若干人,五险一金 员工旅游 专业培训 绩效奖金 年终奖金 定期体检,500-1000人
69,前端开发,Web前端开发,前端开发工程师,钱咖网络科技（上海）有限公司,1.2-1.8万/月,上海-黄浦区,民营公司,2年经验,6,招1人,弹性工作 带薪年假 五险一金 绩效奖金 节日福利 做五休二,150-500人
70,前端开发,Web前端开发,前端工程师,上海致宇信息技术有限公司,1.3-2万/月,上海-徐汇区,民营公司,2年经验,6,招1人,五险一金 员工旅游 年终奖金 弹性工作 定期体检 节假日福利 出差补贴,150-500人
71,前端开发,Web前端开发,前端开发工程师,上海有大信息科技有限公司,1.3-1.8万/月,上海-浦东新区,民营公司,3-4年经验,6,招1人,,50-150人
72,前端开发,Web前端开发,Web前端开发工程师,南昌黑鲨科技有限公司,1.5-3万/月,上海-浦东新区,民营公司,3-4年经验,6,招若干人,五险一金 餐饮补贴 员工旅游 定期体检 弹性工作 年终奖金 通讯补贴 专业培训 绩效奖金,500-1000人
73,前端开发,Web前端开发,前端开发工程师,上海众人智能科技有限公司,1-2万/月,上海-浦东新区,民营公司,2年经验,5,招1人,五险一金 绩效奖金 年终奖金 弹性工作,50-150人
74,前端开发,Web前端开发,高级JS软件开发工程师,上海期安智能科技有限公司,20-30万/年,上海-静安区,创业公司,5-7年经验,6,招1人,五险一金 员工旅游 交通补贴 通讯补贴 专业培训 绩效奖金 年终奖金 定期体检,少于50人
75,前端开发,Web前端开发,Java前端开发工程师,上海紫港信息科技有限公司,0.7-1.3万/月,上海-闵行区,民营公司,3-4年经验,6,招若干人,五险一金 绩效奖金 餐饮补贴,50-150人
76,前端开发,Web前端开发,前端开发工程师,狮控（上海）互联网科技有限公司,1.8-2.5万/月,上海-普陀区,民营公司,3-4年经验,6,招2人,五险一金 绩效奖金 年终奖金 定期体检 股票期权 专业培训,少于50人
77,前端开发,Web前端开发,Web前端开发工程师,上海北塔软件股份有限公司,1-1.8万/月,上海,民营公司,3-4年经验,6,招1人,五险一金 绩效奖金 定期体检 年终奖金 餐饮补贴,150-500人
78,前端开发,Web前端开发,前端开发工程师,恒川系统软件开发（上海）有限公司,1-2万/月,上海-静安区,外资（非欧美）,3-4年经验,5,招若干人,,少于50人
79,前端开发,Web前端开发,高级前端开发工程师,上海幕库科技发展有限公司,1.5-2万/月,上海-浦东新区,民营公司,3-4年经验,6,招10人,,少于50人
80,前端开发,Web前端开发,Web前端开发工程师,上海广亿信息技术有限公司,1.5-2万/月,上海-杨浦区,民营公司,3-4年经验,5,招2人,五险一金 员工旅游 年终奖金 绩效奖金 专业培训,50-150人
81,前端开发,Web前端开发,Web前端工程师,上海希熙信息科技有限公司,6-8千/月,上海-浦东新区,民营公司,1年经验,6,招2人,,少于50人
82,前端开发,Web前端开发,WEB前端开发,上海杰奕信息技术有限公司,1-1.5万/月,上海-虹口区,民营公司,3-4年经验,5,招若干人,五险一金 专业培训 周末双休 交通补贴 餐饮补贴,少于50人
83,前端开发,Web前端开发,前端开发工程师,上海联泉智能科技有限公司,1-1.5万/月,上海-闵行区,民营公司,1年经验,6,招若干人,五险一金 年终奖金 员工旅游 绩效奖金 餐饮补贴 交通补贴,50-150人
84,前端开发,Web前端开发,Web前端开发工程师,上海连尚网络科技有限公司,2.5-3万/月,上海-浦东新区,民营公司,5-7年经验,5,招1人,五险一金 补充医疗保险 补充公积金 免费班车 员工旅游 交通补贴 餐饮补贴 通讯补贴 专业培训 出国机会,500-1000人
85,前端开发,Web前端开发,地图平台应用前端工程师,上海天正软件有限公司,1.5-2万/月,上海-徐汇区,民营公司,2年经验,5,招1人,五险一金 员工旅游 定期体检 餐饮补贴,500-1000人
86,前端开发,Web前端开发,Web前端开发工程师,沃企信息科技（上海）有限公司,1.5-2.2万/月,上海-闵行区,民营公司,3-4年经验,5,招若干人,,
87,前端开发,Web前端开发,前端开发工程师,上海通联金融服务有限公司,1-2.5万/月,上海-浦东新区,合资,3-4年经验,6,招若干人,补充医疗保险 五险一金 员工旅游 绩效奖金 年终奖金 股票期权 定期体检 补充公积金,150-500人
88,前端开发,Web前端开发,高级前端开发工程师,深圳诺伊云计算科技有限公司,2-2.5万/月,上海-黄浦区,民营公司,5-7年经验,6,招1人,,
89,前端开发,Web前端开发,前端开发工程师,上海微创软件股份有限公司,1.7-2.2万/月,上海,合资,3-4年经验,6,招1人,五险一金 补充医疗保险 免费班车 弹性工作 定期体检 绩效奖金 年终奖金 专业培训 员工旅游 节日福利,5000-10000人
90,前端开发,Web前端开发,Web前端开发工程师,上海新氦类脑智能科技有限公司,0.7-1万/月,上海-杨浦区,民营公司,1年经验,6,招1人,五险一金 带薪年假 节日福利 交通补贴 餐饮补贴 通讯补贴 高温补贴 平台好 补充医疗保险 定期体检,50-150人
91,前端开发,Web前端开发,前端开发工程师,京北方信息技术股份有限公司,1.5-2万/月,上海-浦东新区,民营公司,5-7年经验,5,招10人,五险一金 交通补贴 餐饮补贴 绩效奖金 员工旅游,10000人以上
92,前端开发,Web前端开发,Web开发工程师,心科（上海）网络科技有限公司,1.4-1.8万/月,上海-普陀区,民营公司,3-4年经验,6,招3人,五险一金 餐饮补贴 定期体检 弹性工作 年终奖金 绩效奖金 补充医疗保险,50-150人
93,前端开发,Web前端开发,前端开发工程师,上海金丘信息科技股份有限公司,1.5-2.5万/月,上海-浦东新区,上市公司,5-7年经验,5,招2人,五险一金 员工旅游 绩效奖金 年终奖金 定期体检 弹性工作 专业培训,150-500人
94,前端开发,Web前端开发,前端开发工程师,兆恒电脑科技（上海）有限公司广州分公司,1.5-2.5万/月,上海-徐汇区,外资（非欧美）,2年经验,6,招2人,周末双休 五险一金 带薪年假 年终奖金 节日福利 岗位奖金,150-500人
95,前端开发,Web前端开发,Web前端开发工程师,上海借此信息科技有限公司,1.5-2万/月,上海-静安区,民营公司,3-4年经验,5,招3人,,50-150人
96,前端开发,Web前端开发,Web前端开发工程师,上海润之信息科技有限公司,1-2万/月,上海-嘉定区,民营公司,3-4年经验,6,招2人,,少于50人
97,前端开发,Web前端开发,web前端工程师,上海美宁计算机软件有限公司,1-1.5万/月,上海-徐汇区,民营公司,2年经验,5,招1人,五险一金 补充医疗保险 补充公积金 餐饮补贴 年终奖金 定期体检,50-150人
98,前端开发,Web前端开发,前端开发工程师,杭州信雅达科技有限公司,1.1-2万/月,上海-徐汇区,,3-4年经验,6,招5人,,150-500人
99,前端开发,Web前端开发,Web前端开发工程师,上海华钛信息科技有限公司,1.5-2万/月,上海-浦东新区,民营公司,3-4年经验,6,招1人,五险一金 专业培训 定期体检 员工旅游 绩效奖金 年终奖金 做五休二,50-150人
100,前端开发,Web前端开发,前端工程师-上海,上海赫浦广告有限公司,1.3-2.2万/月,上海-黄浦区,合资,3-4年经验,6,招2人,五险一金 员工旅游 年终奖金 定期体检,少于50人
101,前端开发,Web前端开发,Web前端开发工程师,百富计算机技术（深圳）有限公司,1.3-2.5万/月,上海-长宁区,外资（非欧美）,3-4年经验,5,招1人,,1000-5000人
102,前端开发,Web前端开发,Web前端开发工程师,上海申挚医疗科技有限公司,1-2万/月,上海-虹口区,民营公司,2年经验,6,招5人,五险一金 弹性工作 员工旅游 年终奖金,50-150人
103,前端开发,Web前端开发,React开发工程师,上海圆卓网络科技有限公司,1.5-3万/月,上海-虹口区,外资（非欧美）,2年经验,6,招3人,带薪年假 弹性工作 年终奖金 绩效奖金,150-500人
104,前端开发,Web前端开发,Web前端开发工程师,上海从信信息技术有限公司,1.2-1.8万/月,上海-徐汇区,民营公司,3-4年经验,6,招1人,,50-150人
105,前端开发,Web前端开发,前端开发工程师,上海久辰商务服务有限公司,2-2.5万/月,上海-黄浦区,民营公司,5-7年经验,6,招若干人,五险一金 补充医疗保险 餐饮补贴 交通补贴 通讯补贴 弹性工作 年终奖金 绩效奖金 定期体检 员工旅游,50-150人
106,前端开发,Web前端开发,WEB前端开发工程师,剑羽智能科技（上海）有限公司,1-2万/月,上海-浦东新区,民营公司,3-4年经验,5,招若干人,五险一金 绩效奖金 年终奖金 弹性工作 补充医疗保险 定期体检,50-150人
107,前端开发,Web前端开发,Web前端开发工程师,上海井星信息科技有限公司,1-1.5万/月,上海,民营公司,1年经验,6,招2人,周末双休 五险一金 带薪年假 节日福利,50-150人
108,前端开发,Web前端开发,Web前端开发工程师,上海融云信息科技有限公司,1-1.5万/月,上海-闵行区,民营公司,2年经验,5,招1人,五险一金 绩效奖金 年终奖金,50-150人
109,前端开发,Web前端开发,前端开发工程师,上海元卓信息科技有限公司,0.8-1.3万/月,上海-闵行区,民营公司,1年经验,5,招2人,五险一金 员工旅游 交通补贴 餐饮补贴 定期体检 绩效奖金,少于50人
110,前端开发,Web前端开发,资深前端开发工程师,上海峰畅信息科技有限公司,3-5万/月,上海-浦东新区,外资（欧美）,5-7年经验,6,招若干人,五险一金 年终奖金 节日福利 定期团建 弹性工作 零食下午茶,少于50人
111,前端开发,Web前端开发,前端web工程师,上海锐道信息技术有限公司,1-1.5万/月,上海-浦东新区,民营公司,1年经验,5,招2人,五险一金 员工旅游 专业培训 年终奖金 定期体检 弹性工作,50-150人
112,前端开发,Web前端开发,Web前端开发工程师,上海泉涸信息科技有限公司,1-1.5万/月,上海-浦东新区,民营公司,3-4年经验,5,招3人,五险一金 年终奖金 弹性工作,50-150人
113,前端开发,Web前端开发,前端开发工程师,上海晓材科技有限公司,0.8-1万/月,上海,合资,2年经验,5,招2人,弹性工作 绩效奖金 餐饮补贴 五险一金 补充公积金,50-150人
114,前端开发,Web前端开发,Web前端开发工程师,上海警辉电子科技有限公司,1.2-1.6万/月,上海-闵行区,民营公司,3-4年经验,5,招1人,五险一金 年终奖金 员工旅游 绩效奖金,50-150人
115,前端开发,Web前端开发,Web开发工程师,上海五福通信技术有限公司,0.8-1.5万/月,上海-闵行区,民营公司,1年经验,6,招若干人,五险一金 员工旅游 餐饮补贴 弹性工作,50-150人
116,前端开发,Web前端开发,前端工程师,谊风信息技术（重庆）有限公司,0.8-1万/月,上海-徐汇区,民营公司,2年经验,5,招1人,,少于50人
117,前端开发,Web前端开发,Web前端高级开发工程师,上海葡萄城信息技术有限公司,1.5-2.5万/月,上海,外资（非欧美）,3-4年经验,6,招2人,五险一金 免费班车 员工旅游 年终奖金 定期体检 绩效奖金,50-150人
118,前端开发,Web前端开发,Web前端开发工程师,上海复旦网络信息工程有限公司,0.8-1.5万/月,上海-杨浦区,民营公司,2年经验,6,招1人,五险一金 餐饮补贴 通讯补贴 年终奖金 交通补贴 员工旅游 定期体检 专业培训 绩效奖金,50-150人
119,前端开发,Web前端开发,web前端开发,德佟电子科技（上海）有限公司,1.5-2.5万/月,上海-宝山区,民营公司,2年经验,6,招若干人,做五休二 周末双休 带薪年假 五险一金 绩效奖金 交通补贴 餐饮补贴 通讯补贴,50-150人
120,前端开发,Web前端开发,Web前端开发工程师,上海佳锐信息科技股份有限公司,1-2万/月,上海-杨浦区,上市公司,3-4年经验,6,招若干人,,50-150人
121,前端开发,Web前端开发,Web前端开发工程师,上海索微科技有限公司,0.6-1万/月,上海,民营公司,3-4年经验,5,招若干人,五险一金 餐饮补贴 弹性工作 定期体检 员工旅游 出国机会 年终奖金 绩效奖金,少于50人
122,前端开发,Web前端开发,资深VUE前端开发工程师,润申标准化技术服务（上海）有限公司,25-40万/年,上海-杨浦区,民营公司,5-7年经验,6,招若干人,五险一金 交通补贴 餐饮补贴 做五休二 专业培训 带薪年假 周末双休,少于50人
123,前端开发,Web前端开发,Web前端开发工程师,上海助院科技有限公司,1.5-3万/月,上海-嘉定区,创业公司,5-7年经验,6,招1人,五险一金 餐饮补贴 股票期权 弹性工作 年终奖金,少于50人
124,前端开发,Web前端开发,小程序开发,北京腾信软创科技股份有限公司,1.4-1.8万/月,上海-闵行区,上市公司,3-4年经验,5,招2人,定期体检 五险一金 员工旅游 交通补贴 餐饮补贴 专业培训,500-1000人
125,前端开发,Web前端开发,前端开发工程师,上海埃帕信息科技有限公司,1-1.6万/月,上海-浦东新区,民营公司,2年经验,5,招若干人,年终奖金 五险一金 员工旅游 定期体检 绩效奖金,150-500人
126,前端开发,Web前端开发,Web前端开发工程师,上海普适导航科技股份有限公司,1-2万/月,上海-青浦区,上市公司,2年经验,6,招若干人,五险一金 交通补贴 餐饮补贴 通讯补贴 绩效奖金 年终奖金,50-150人
127,前端开发,Web前端开发,Web前端开发工程师,广微数据服务（上海）有限公司,1-1.5万/月,上海-静安区,合资,3-4年经验,5,招3人,,50-150人
128,前端开发,Web前端开发,WEB前端开发工程师,上海凯纬斯信息技术有限公司,1-1.5万/月,上海-普陀区,民营公司,3-4年经验,5,招1人,,50-150人
129,前端开发,Web前端开发,Web前端开发工程师,深圳市铱硙医疗科技有限公司,1.5-2万/月,上海-静安区,民营公司,3-4年经验,6,招1人,五险一金 专业培训 年终奖金 绩效奖金 弹性工作 员工旅游 通讯补贴 周末双休 带薪年假 全勤奖,少于50人
130,前端开发,Web前端开发,前端开发工程师,亮风台（上海）信息科技有限公司,1.8-2.5万/月,上海-浦东新区,创业公司,3-4年经验,6,招若干人,,150-500人
131,前端开发,Web前端开发,web前端开发工程师,上海众耘数码科技发展有限公司,1-1.5万/月,上海-浦东新区,民营公司,3-4年经验,5,招若干人,五险一金 员工旅游 绩效奖金 带薪年假,少于50人
132,前端开发,Web前端开发,React前端开发工程师,上海长携信息系统有限公司,1-1.5万/月,上海-长宁区,民营公司,3-4年经验,5,招若干人,绩效奖金 年终奖金 弹性工作 定期体检 专业培训 通讯补贴 餐饮补贴 交通补贴 五险一金 出国机会,50-150人
133,前端开发,Web前端开发,前端开发,上海羽裳信息科技有限公司,1-1.5万/月,上海-静安区,民营公司,3-4年经验,5,招若干人,,150-500人
134,前端开发,Web前端开发,前端开发工程师,上海宿程信息科技有限公司,1-1.5万/月,上海-浦东新区,民营公司,2年经验,6,招1人,五险一金 员工旅游 绩效奖金 年终奖金 弹性工作 定期体检,50-150人
135,前端开发,Web前端开发,游戏前端主程,上海英澈网络科技有限公司,2.5-3万/月,上海-闵行区,民营公司,3-4年经验,,招若干人,,少于50人
136,前端开发,Web前端开发,对日软件测试,德国殷智信息技术咨询,0.8-1万/月,上海,外资（欧美）,1年经验,5,招5人,,5000-10000人
137,前端开发,Web前端开发,前端开发工程师,上海大汉三通通信股份有限公司,1-1.5万/月,上海-浦东新区,上市公司,1年经验,6,招1人,五险一金 定期体检 年终奖金 股票期权 专业培训,150-500人
138,前端开发,Web前端开发,前端工程师,上海万序健康科技有限公司,1.2-1.8万/月,上海-宝山区,民营公司,3-4年经验,6,招1人,五险一金 交通补贴 餐饮补贴 通讯补贴 专业培训 绩效奖金 年终奖金 定期体检,150-500人
139,前端开发,Web前端开发,Web前端开发工程师,上海潇凌信息科技有限公司,0.8-1.5万/月,上海-徐汇区,民营公司,1年经验,5,招3人,五险一金 定期体检 节日福利 年终奖金 绩效奖金,少于50人
140,前端开发,Web前端开发,WEB GL 开发工程师,上海治信汽车科技有限公司,1-1.5万/月,上海,民营公司,1年经验,5,招若干人,五险一金 年终奖金 绩效奖金 免费班车 定期体检 弹性工作 专业培训 交通补贴 员工旅游 学校深造,50-150人
141,前端开发,Web前端开发,Java web开发工程师,英华达（上海）电子有限公司,0.6-1.2万/月,上海-徐汇区,外资（非欧美）,2年经验,6,招1人,五险一金 餐饮补贴,50-150人
142,前端开发,Web前端开发,JAVA高级工程师,上海海硕士软件有限公司,1.5-2万/月,上海-浦东新区,民营公司,3-4年经验,6,招2人,,少于50人
143,前端开发,Web前端开发,react前端,上海裕宁信息科技有限公司,1.4-1.8万/月,上海-浦东新区,民营公司,3-4年经验,5,招5人,五险一金 员工旅游 绩效奖金 年终奖金 专业培训,150-500人
144,前端开发,Web前端开发,Web前端开发工程师,上海东富龙智能控制技术有限公司,1-2万/月,上海-闵行区,合资,3-4年经验,5,招若干人,五险一金 餐饮补贴 弹性工作 绩效奖金 免费班车 年终奖金,50-150人
145,前端开发,Web前端开发,Web前端开发工程师,上海路辉智能系统股份有限公司,1-2.5万/月,上海-徐汇区,民营公司,3-4年经验,5,招3人,五险一金 员工旅游 餐饮补贴 定期体检 周末双休 带薪年假 做五休二 高温补贴 年终奖金 弹性工作,50-150人
146,前端开发,Web前端开发,React & Java Engineer / Senior Engineer,普华永道信息技术（上海）有限公司,1.5-2万/月,上海-浦东新区,外资（欧美）,3-4年经验,6,招6人,五险一金 补充医疗保险 专业培训 通讯补贴 餐饮补贴 交通补贴 出国机会 年终奖金 弹性工作,500-1000人
147,前端开发,Web前端开发,前端工程师,百度呼叫中心,0.9-1.5万/月,上海-嘉定区,上市公司,3-4年经验,6,招2人,周末双休 专业培训 免费班车 绩效奖金 餐饮补贴 节日福利 交通补贴 六险二金,1000-5000人
148,前端开发,Web前端开发,前端开发工程师-Data&AILab,字节跳动,2.5-3.5万/月,上海,民营公司,3-4年经验,6,招50人,大牛带队 免费三餐 租房补贴,10000人以上
149,前端开发,Web前端开发,前端工程师-上海(J22962),携程旅行网深圳分公司,1.5-2万/月,上海-长宁区,民营公司,3-4年经验,6,招1人,周末双休 带薪年假 五险一金 绩效奖金 节日福利 专业培训,500-1000人
150,前端开发,Web前端开发,资深前端开发,花旗金融信息服务（中国）有限公司Citigroup Services and Technology (China) Limited.,3-4万/月,上海-浦东新区,外资（欧美）,8-9年经验,6,招2人,,1000-5000人
151,前端开发,Web前端开发,前端开发工程师,百度在线网络技术（北京）有限公司上海软件技术分公司,1.2-1.8万/月,上海-嘉定区,合资,3-4年经验,6,招1人,五险一金 补充医疗保险 补充公积金 免费班车 员工旅游 通讯补贴 专业培训 绩效奖金 年终奖金 定期体检,500-1000人
152,前端开发,Web前端开发,高级前端开发工程师,上海宝信软件股份有限公司,2-2.5万/月,上海-浦东新区,国企,5-7年经验,6,招3人,五险一金 交通补贴 餐饮补贴 通讯补贴 专业培训 绩效奖金 年终奖金 弹性工作 定期体检,1000-5000人
153,前端开发,Web前端开发,前端开发工程师HD20029,鼎捷软件股份有限公司,0.8-1.3万/月,上海-静安区,上市公司,3-4年经验,5,招1人,五险一金 员工旅游 餐饮补贴 年终奖金 定期体检,1000-5000人
154,前端开发,Web前端开发,前端开发工程师-财富经纪,恒生电子股份有限公司,2-3万/月,上海-浦东新区,民营公司,5-7年经验,6,招若干人,,5000-10000人
155,前端开发,Web前端开发,前端开发(兴业) (MJ004174),神州数码信息服务股份有限公司,0.8-2万/月,上海-浦东新区,上市公司,2年经验,6,招3人,,5000-10000人
156,前端开发,Web前端开发,Web前端开发工程师,诚迈科技（北京分公司）—北京诚迈创通科技有限公司,1.5-2万/月,上海,外资（欧美）,3-4年经验,5,招10人,五险一金 年终奖金,500-1000人
157,前端开发,Web前端开发,前端开发工程师,深圳市紫金支点技术股份有限公司,1-1.5万/月,上海-闵行区,民营公司,2年经验,6,招若干人,,1000-5000人
158,前端开发,Web前端开发,前端开发工程师,银联数据（CUPD）荣数信息,2-2.5万/月,上海-浦东新区,国企,2年经验,6,招若干人,五险一金 补充公积金 免费班车 餐饮补贴 绩效奖金 年终奖金 弹性工作 定期体检 银联二级企业,50-150人
159,前端开发,Web前端开发,前端开发工程师,中电金信软件有限公司,0.8-1.5万/月,上海-浦东新区,国企,3-4年经验,6,招6人,转正机会 轻松 愉悦,10000人以上
160,前端开发,Web前端开发,Web前端开发工程师,上海北辰软件股份有限公司,1.5-2万/月,上海-浦东新区,民营公司,3-4年经验,6,招1人,专业培训 生日福利 年终奖金 绩效奖金 五险一金 定期体检,50-150人
161,前端开发,Web前端开发,Web前端开发工程师,驰链（上海）科技有限公司,1.5-2万/月,上海-闵行区,民营公司,3-4年经验,5,招1人,五险一金,少于50人
162,前端开发,Web前端开发,软件工程师（前端开发）,中银金融科技（苏州）有限公司,1.5-3万/月,上海-浦东新区,国企,3-4年经验,6,招若干人,五险一金 通讯补贴 餐饮补贴 交通补贴 绩效奖金 定期体检 免费班车,50-150人
163,前端开发,Web前端开发,前端开发工程师,上海博恩惠尔网络科技有限公司,1-1.5万/月,上海-静安区,合资,3-4年经验,6,招1人,五险一金 专业培训 带薪年假,150-500人
164,前端开发,Web前端开发,开发工程师,小微环球（上海）科技有限公司,24-36万/年,上海-虹口区,合资,3-4年经验,6,招5人,,50-150人
165,前端开发,Web前端开发,前端开发工程师,雷技信息科技（上海）有限公司,0.9-1.6万/月,上海-浦东新区,外资（欧美）,3-4年经验,6,招1人,五险一金 弹性工作 员工旅游,50-150人
166,前端开发,Web前端开发,前端工程师,慧众行知科技（北京）有限公司,1-1.5万/月,上海-宝山区,民营公司,2年经验,6,招1人,五险一金 交通补贴 餐饮补贴 通讯补贴 年终奖金 绩效奖金 定期体检 专业培训,150-500人
167,前端开发,Web前端开发,Web前端开发工程师,腾御（上海）信息科技有限公司,0.9-1.2万/月,上海-杨浦区,民营公司,2年经验,5,招1人,五险一金 年终奖金 专业培训 周末双休 地铁零距离 氛围轻松 节日福利,50-150人
168,前端开发,Web前端开发,Web前端开发工程师,医利捷（上海）信息科技有限公司,1.2-1.7万/月,上海-徐汇区,民营公司,3-4年经验,6,招3人,五险一金 补充医疗保险 专业培训 年终奖金 弹性工作 子女保险,150-500人
169,前端开发,Web前端开发,前端开发工程师,上海网波软件股份有限公司,0.8-1.1万/月,上海-杨浦区,民营公司,1年经验,5,招若干人,五险一金 餐饮补贴 定期体检,50-150人
170,前端开发,Web前端开发,前端开发工程师,微创（上海）网络技术股份有限公司,2.5-3万/月,上海-闵行区,民营公司,5-7年经验,6,招1人,五险一金 补充医疗保险 年终奖金 弹性工作 定期体检,150-500人
171,前端开发,Web前端开发,Web前端开发工程师,上海博为峰信息技术有限公司,1.5-1.8万/月,上海-黄浦区,民营公司,2年经验,5,招2人,五险一金 员工旅游 交通补贴 餐饮补贴 通讯补贴 绩效奖金 年终奖金 定期体检,150-500人
172,前端开发,Web前端开发,Web前端开发工程师,福建新意科技有限公司,1.4-2万/月,上海-静安区,外资（非欧美）,2年经验,6,招1人,五险一金 员工旅游 专业培训 年终奖金 定期体检,500-1000人
173,前端开发,Web前端开发,Web前端开发工程师,上海耀斑信息科技有限公司,0.8-2万/月,上海-普陀区,民营公司,2年经验,6,招若干人,五险一金 绩效奖金 做五休二 节日福利,少于50人
174,前端开发,Web前端开发,前端开发工程师,蓝茵建筑工程设计咨询（上海）有限公司,1.3-2万/月,上海-杨浦区,民营公司,3-4年经验,5,招1人,五险一金 专业培训 绩效奖金 年终奖金,50-150人
175,前端开发,Web前端开发,前端开发工程师,上海拼喽网络科技有限公司,0.9-1.5万/月,上海-徐汇区,民营公司,3-4年经验,5,招3人,五险一金 餐饮补贴 通讯补贴 弹性工作 交通补贴 股票期权 年终奖金 绩效奖金,少于50人
176,前端开发,Web前端开发,Web前端开发工程师,深圳兴融联科技股份有限公司上海分公司,1-2万/月,上海-浦东新区,民营公司,3-4年经验,5,招3人,五险一金 餐饮补贴 交通补贴 员工旅游,150-500人
177,前端开发,Web前端开发,Web前端开发工程师,深圳天源迪科信息技术股份有限公司,1.2-1.7万/月,上海-宝山区,民营公司,2年经验,6,招2人,五险一金 年终奖金 补充医疗保险,1000-5000人
178,前端开发,Web前端开发,Web前端开发工程师,上海蕴业信息科技有限公司,1-2万/月,上海-浦东新区,民营公司,2年经验,6,招1人,五险一金 员工旅游 绩效奖金 年终奖金 定期体检 定期团建 加班补贴 13薪,少于50人
179,前端开发,Web前端开发,Web前端开发工程师,深圳齐心好视通云计算有限公司,2-2.5万/月,上海-浦东新区,上市公司,5-7年经验,6,招1人,"五险一金 绩效奖金 年终奖金 ,年终双薪, 季度奖金, 周末双休, 年度旅游, 带薪年假, 节日福利, 岗位晋升",500-1000人
180,前端开发,Web前端开发,前端开发工程师,东部展览（上海）有限公司,1.5-2万/月,上海-青浦区,民营公司,5-7年经验,6,招1人,五险一金 免费班车 员工旅游 年终奖金 绩效奖金 餐饮补贴,少于50人
181,前端开发,Web前端开发,中高级前端开发工程师,上海谷赢信息科技有限公司,1.5-1.8万/月,异地招聘,合资,3-4年经验,5,招若干人,,少于50人
182,前端开发,Web前端开发,移动web前端,上海传墨信息科技有限公司,1.1-1.8万/月,上海-浦东新区,民营公司,3-4年经验,5,招1人,五险一金 员工旅游 出国机会 绩效奖金 年终奖金 定期体检,少于50人
183,前端开发,Web前端开发,Angular前端工程师,德臻（上海）信息科技有限公司,1-1.5万/月,上海-静安区,民营公司,1年经验,6,招若干人,,50-150人
184,前端开发,Web前端开发,Web前端开发工程师,维世致新（上海）智能技术有限公司,0.8-1.8万/月,上海-浦东新区,民营公司,2年经验,6,招若干人,做五休二 周末双休 带薪年假 五险一金 绩效奖金 节日福利 定期体检,50-150人
185,前端开发,Web前端开发,前端开发工程师,上海先雅贸易有限公司,0.8-1.6万/月,上海-闵行区,合资,2年经验,5,招3人,做五休二 周末双休 弹性工作 带薪年假 五险一金 全勤奖 节日福利,150-500人
186,前端开发,Web前端开发,前端开发工程师,上海西信信息科技股份有限公司,1.5-2万/月,上海,上市公司,3-4年经验,5,招1人,,150-500人
187,前端开发,Web前端开发,前端开发工程师（上海语祯）,常州科睿达信息科技有限公司,1-2万/月,上海-闵行区,民营公司,3-4年经验,5,招1人,五险一金,150-500人
188,前端开发,Web前端开发,Web前端开发工程师,上海杰狮信息技术有限公司,1.4-2.2万/月,上海,民营公司,3-4年经验,5,招4人,餐饮补贴 定期体检 通讯补贴 五险一金 年终奖金,150-500人
189,前端开发,Web前端开发,Web前端开发工程师,熙云信息科技（上海）有限公司,1.5-2万/月,上海-宝山区,创业公司,3-4年经验,6,招3人,五险一金 补充公积金 员工旅游 绩效奖金 定期体检 专业培训 年终奖金 股票期权,少于50人
190,前端开发,Web前端开发,前端开发工程师,上海云逐信息技术有限公司,1-1.5万/月,上海-浦东新区,民营公司,3-4年经验,6,招3人,,50-150人
191,前端开发,Web前端开发,前端开发工程师,上海威擎信息科技有限公司,1.1-1.9万/月,上海,民营公司,3-4年经验,6,招5人,五险一金 年终奖金,50-150人
192,前端开发,Web前端开发,WebGIS开发工程师,上海瀚世信息技术有限公司,0.8-1万/月,上海-徐汇区,民营公司,3-4年经验,6,招若干人,,50-150人
193,前端开发,Web前端开发,Web前端开发工程师,深圳市跟投网络服务有限公司,1.5-2万/月,上海-浦东新区,民营公司,3-4年经验,5,招1人,,
194,前端开发,Web前端开发,Front End Developer（前端工程师）,上海齐感电子信息科技有限公司,3-4万/月,上海-浦东新区,外资（欧美）,8-9年经验,6,招1人,五险一金 补充医疗保险 餐饮补贴 绩效奖金 弹性工作,50-150人
195,前端开发,Web前端开发,高级前端开发工程师,绍兴环思智慧科技股份有限公司,1.1-1.8万/月,上海-浦东新区,上市公司,3-4年经验,5,招若干人,通讯补贴 餐饮补贴 交通补贴 节日福利 带薪年假 弹性工作 定期体检 绩效奖金 五险一金 定期团建,500-1000人
196,前端开发,Web前端开发,Web前端开发工程师,豆根网络科技（上海）有限公司,1.3-2万/月,上海-嘉定区,民营公司,2年经验,5,招若干人,五险一金 年终奖金 专业培训 免费班车 做五休二 周末双休 带薪年假 节日福利,50-150人
197,前端开发,Web前端开发,Web前端开发工程师,京创智汇（上海）物流科技有限公司,1.5-2万/月,上海-杨浦区,民营公司,3-4年经验,6,招若干人,做五休二 周末双休 带薪年假 五险一金,50-150人
198,前端开发,Web前端开发,前端开发工程师,上海富策信息科技有限公司,0.8-1.5万/月,上海,民营公司,3-4年经验,5,招1人,五险一金 年终奖金 弹性工作 周末双休 员工旅游 高温补贴,50-150人
199,前端开发,Web前端开发,前端开发工程师,温州通证区块链科技有限公司,1-1.5万/月,上海,创业公司,3-4年经验,6,招若干人,五险一金 节日福利 全勤奖 绩效奖金 年终奖金,少于50人
200,前端开发,Web前端开发,Web前端开发工程师,上海刀奇智能科技有限公司,1.2-1.8万/月,上海-松江区,民营公司,1年经验,5,招若干人,五险一金 员工旅游 专业培训 弹性工作 股票期权 年终奖金 绩效奖金,少于50人
201,前端开发,Web前端开发,Web前端开发工程师,上海佰宵信息科技有限公司,1-1.5万/月,上海-浦东新区,民营公司,3-4年经验,6,招2人,,少于50人
202,前端开发,Web前端开发,前端开发工程师,上海湃睿信息科技有限公司,1-1.5万/月,上海,民营公司,3-4年经验,6,招3人,五险一金 员工旅游 交通补贴 绩效奖金 通讯补贴 餐饮补贴 弹性工作 定期体检,150-500人
203,前端开发,Web前端开发,前端开发工程师,上海网新恒天软件有限公司,1.3-1.5万/月,上海-浦东新区,合资,3-4年经验,5,招2人,五险一金 补充医疗保险 餐饮补贴 专业培训 员工旅游 定期体检 绩效奖金,1000-5000人
204,前端开发,Web前端开发,高级前端开发工程师,上海喔趣信息科技有限公司,2.3-3万/月,上海-徐汇区,合资,5-7年经验,6,招2人,,500-1000人
205,前端开发,Web前端开发,资深web前端开发工程师,上海众网数聚立方信息科技有限公司,1.5-2万/月,上海-闵行区,民营公司,5-7年经验,6,招1人,,少于50人
206,前端开发,Web前端开发,前端开发工程师,永宏实业（上海）有限公司,0.8-1万/月,上海-闵行区,民营公司,3-4年经验,5,招1人,五险一金 餐饮补贴 节日福利,50-150人
207,前端开发,Web前端开发,前端开发工程师（UIUE）（南洋宏优）,上海南洋万邦软件技术有限公司,0.8-1.2万/月,上海-徐汇区,国企,2年经验,6,招若干人,五险一金 员工旅游 餐饮补贴 通讯补贴 年终奖金 专业培训,500-1000人
208,前端开发,Web前端开发,Web前端开发工程师,上海源墨健康管理有限公司,1-1.5万/月,上海-徐汇区,民营公司,2年经验,6,招若干人,,少于50人
209,前端开发,Web前端开发,Web前端开发工程师,上海栖盟科技有限公司,1.5-2万/月,上海-虹口区,民营公司,5-7年经验,6,招若干人,,50-150人
210,前端开发,Web前端开发,Web前端开发工程师,上海云诣网络科技有限公司,0.8-1万/月,上海-杨浦区,合资,1年经验,6,招1人,五险一金 员工旅游 绩效奖金 弹性工作 带薪病假 带薪年假,少于50人
211,前端开发,Web前端开发,web开发工程师,上海黑之白信息科技有限公司,2-3.5万/月,上海-杨浦区,民营公司,3-4年经验,6,招2人,五险一金 餐饮补贴,少于50人
212,前端开发,Web前端开发,高级开发工程师,上海同是科技股份有限公司,1.5-2万/月,上海-浦东新区,民营公司,5-7年经验,6,招1人,五险一金 绩效奖金 弹性工作,150-500人
213,前端开发,Web前端开发,Web前端开发工程师,上海微企信息技术股份有限公司,1.2-1.8万/月,上海-普陀区,民营公司,1年经验,5,招若干人,弹性工作 五险一金 员工旅游 绩效奖金 定期体检,50-150人
214,前端开发,Web前端开发,Web前端开发工程师,深圳市财富趋势科技股份有限公司,0.7-1万/月,上海-静安区,上市公司,1年经验,6,招5人,周末双休 带薪年假 五险一金 节日福利 高温补贴,150-500人
215,前端开发,Web前端开发,React前端开发工程师,上海来探科技有限公司,1.5-2万/月,上海,合资,3-4年经验,5,招1人,年终奖金 绩效奖金 餐饮补贴 五险一金,少于50人
216,前端开发,Web前端开发,前端架构师,MSI微星科技,1-1.5万/月,上海-普陀区,外资（非欧美）,3-4年经验,6,招若干人,带薪年假 五险一金 节日福利 专业培训 餐饮补贴 定期体检 生日福利 绩效奖金 年终奖金,150-500人
217,前端开发,Web前端开发,Web前端中级开发工程师,上海大智慧财汇数据科技有限公司,1.5-2.5万/月,上海-浦东新区,上市公司,2年经验,6,招2人,五险一金 员工旅游 专业培训 餐饮补贴 定期体检 年终奖金 通讯补贴,500-1000人
218,前端开发,Web前端开发,高级前端开发工程师,上海东尚信息科技股份有限公司,1.5-2万/月,上海-松江区,上市公司,5-7年经验,6,招1人,五险一金 补充公积金 员工旅游 餐饮补贴 专业培训 绩效奖金 年终奖金 股票期权 弹性工作 定期体检,150-500人
219,前端开发,Web前端开发,前端开发工程师,苏州百捷信息科技有限公司,1.2-1.6万/月,上海-黄浦区,民营公司,2年经验,6,招1人,五险一金 员工旅游 餐饮补贴 年终奖金 弹性工作 定期体检 专业培训 周末双休 做五休二,150-500人
220,前端开发,Web前端开发,Java前端开发工程师,沈阳引信科技有限公司上海分公司,0.8-1.6万/月,上海-浦东新区,民营公司,1年经验,6,招10人,,50-150人
221,前端开发,Web前端开发,WEB前端工程师,上海宝孚自动化工程技术有限公司,6-9千/月,上海-宝山区,民营公司,1年经验,6,招1人,五险一金 餐饮补贴 通讯补贴 定期体检 专业培训 年终奖金 绩效奖金,150-500人
222,前端开发,Web前端开发,高级前端开发工程师,北京羽实箫恩信息技术股份有限公司,0.8-1.8万/月,上海-浦东新区,民营公司,3-4年经验,6,招2人,五险一金 补充医疗保险 员工旅游 绩效奖金 年终奖金 通讯补贴 定期体检,150-500人
223,前端开发,Web前端开发,前端开发工程师（ga-sh）,太极计算机股份有限公司,1.3-1.8万/月,上海-长宁区,国企,3-4年经验,6,招2人,五险一金 补充医疗保险 绩效奖金 交通补贴 餐饮补贴 弹性工作 定期体检 14薪,1000-5000人
224,前端开发,Web前端开发,Web前端开发工程师,上海卖科电子商务有限公司,0.8-1.2万/月,上海-徐汇区,国企,2年经验,6,招若干人,,少于50人
225,前端开发,Web前端开发,Web前端工程师,上海贝锐信息科技股份有限公司,1.5-2万/月,上海,民营公司,3-4年经验,5,招1人,,150-500人
226,前端开发,Web前端开发,前端开发工程师,Focussend(上海星邮信息科技有限公司),1-1.5万/月,上海,民营公司,1年经验,5,招若干人,五险一金 绩效奖金 员工旅游,50-150人
227,前端开发,Web前端开发,Web前端开发（Vue),上海程析智能科技有限公司,1.2-3.5万/月,上海-杨浦区,民营公司,1年经验,6,招5人,,
228,前端开发,Web前端开发,前端,深圳市睿服科技有限公司,1.1-2万/月,上海-浦东新区,民营公司,3-4年经验,5,招若干人,五险一金 年终奖金 餐饮补贴 补充医疗保险 补充公积金 通讯补贴 股票期权 免费班车 定期体检,500-1000人
229,前端开发,Web前端开发,前端开发工程师,览初（上海）网络科技有限公司,1.2-1.8万/月,上海-虹口区,外资（欧美）,3-4年经验,5,招1人,,少于50人
230,前端开发,Web前端开发,高级前端开发工程师,潍坊赢启信息科技有限公司,2.5-3万/月,上海-黄浦区,民营公司,5-7年经验,6,招10人,,150-500人
231,前端开发,Web前端开发,高级前端开发工程师,上海铁公鸡网络科技有限公司,1.5-2万/月,上海-嘉定区,民营公司,5-7年经验,6,招若干人,五险一金 员工旅游 绩效奖金 餐饮补贴 交通补贴 定期体检 股票期权 年终奖金 通讯补贴 专业培训,50-150人
232,前端开发,Web前端开发,高级前端工程师,上海仁力名才软件有限公司,2-2.5万/月,上海-徐汇区,民营公司,5-7年经验,6,招若干人,五险一金 员工旅游 餐饮补贴 专业培训,150-500人
233,前端开发,Web前端开发,Web前端开发工程师,吉本软件（上海）有限公司,1.5-2万/月,上海,外资（非欧美）,3-4年经验,6,招若干人,,50-150人
234,前端开发,Web前端开发,Web前端开发工程师,AMT GROUP（上海企源科技股份有限公司）,1-1.8万/月,上海-浦东新区,上市公司,2年经验,6,招若干人,周末双休 弹性工作 五险一金 年终奖金,1000-5000人
235,前端开发,Web前端开发,前端开发工程师,上海宇佑船舶科技有限公司,1.5-2万/月,上海-浦东新区,民营公司,3-4年经验,6,招若干人,五险一金 绩效奖金 年终奖金 员工宿舍,少于50人
236,前端开发,Web前端开发,前端开发工程师,上海智思信息科技有限公司,1.5-2万/月,上海-闵行区,外资（欧美）,3-4年经验,6,招1人,五险一金 弹性工作 通讯补贴 专业培训 绩效奖金 年终奖金 员工旅游 股票期权,150-500人
237,前端开发,Web前端开发,Web前端开发工程师,江苏领焰智能科技股份有限公司,0.8-1万/月,上海-闵行区,民营公司,2年经验,6,招1人,五险一金 节日福利 餐饮补贴 提供住宿 出差补贴,50-150人
238,前端开发,Web前端开发,Web前端开发工程师,上海美嘉林软件科技股份有限公司,0.7-1.5万/月,上海,上市公司,1年经验,6,招若干人,五险一金 员工旅游 餐饮补贴 年终奖金 周末双休,50-150人
239,前端开发,Web前端开发,前端开发工程师,上海合合信息科技股份有限公司,1.5-2.5万/月,上海-静安区,民营公司,3-4年经验,6,招1人,弹性工作 员工旅游 免费班车 专业培训 餐饮补贴 五险一金 定期体检 年终奖金 绩效奖金 出国机会,500-1000人
240,前端开发,Web前端开发,Web前端开发工程师,上海企顺信息系统有限公司,0.9-1.8万/月,上海-浦东新区,民营公司,3-4年经验,6,招2人,五险一金 做五休二 周末双休 年终奖金 节日福利,150-500人
241,前端开发,Web前端开发,前端开发工程师,端云信息技术（上海）有限公司,1.2-1.5万/月,上海-浦东新区,民营公司,3-4年经验,5,招2人,五险一金 绩效奖金 年终奖金,50-150人
242,前端开发,Web前端开发,Web前端开发工程师,建研科技股份有限公司,20-30万/年,上海-黄浦区,国企,2年经验,6,招1人,周末双休 带薪年假 五险一金 专业培训 节日福利 高温补贴 餐饮补贴 绩效奖金,1000-5000人
243,前端开发,Web前端开发,Web前端开发工程师,维坤智能科技（上海）有限公司,1.5-2万/月,上海-徐汇区,民营公司,2年经验,6,招10人,五险一金 餐饮补贴 绩效奖金 年终奖金 员工旅游 股票期权 专业培训 交通补贴 休闲茶饮,50-150人
244,前端开发,Web前端开发,前端开发工程师,上海计算机软件技术开发中心,0.7-1.2万/月,上海,事业单位,2年经验,5,招1人,五险一金 餐饮补贴 交通补贴 专业培训,150-500人
245,前端开发,Web前端开发,Web前端开发工程师,数尊信息科技（上海）有限公司,1.5-2万/月,上海-静安区,民营公司,3-4年经验,6,招1人,五险一金 补充医疗保险 交通补贴 餐饮补贴 弹性工作 年终奖金,50-150人
246,前端开发,Web前端开发,Web前端开发工程师,上海数易信息科技有限公司,1-1.5万/月,异地招聘,民营公司,2年经验,6,招1人,五险一金 专业培训 带薪年假 员工旅游 绩效奖金,少于50人
247,前端开发,Web前端开发,前端开发工程师,上海华钦信息科技股份有限公司,1-1.4万/月,上海-浦东新区,上市公司,2年经验,5,招5人,,1000-5000人
248,前端开发,Web前端开发,前端开发工程师,上海帕科信息科技有限公司,1.2-1.8万/月,上海-徐汇区,民营公司,3-4年经验,6,招若干人,五险一金 补充医疗保险 补充公积金 通讯补贴 餐饮补贴 年终奖金 绩效奖金 定期体检,50-150人
249,前端开发,Web前端开发,前端开发工程师,上海翔盛悦信息技术有限公司,1.2-1.5万/月,上海-徐汇区,民营公司,3-4年经验,6,招2人,绩效奖金 优秀员工奖励,少于50人
250,前端开发,Web前端开发,Front-end Developer/前端工程师,北京易通宏达科技股份有限公司,1-1.5万/月,上海-黄浦区,创业公司,3-4年经验,6,招若干人,,150-500人
251,前端开发,Web前端开发,前端开发工程师,赞同科技股份有限公司,1.2-1.8万/月,上海-长宁区,民营公司,3-4年经验,6,招2人,五险一金 补充公积金 餐饮补贴 专业培训 定期体检,1000-5000人
252,前端开发,Web前端开发,react前端工程师,MBP软件集团（MBP Software Group）,1.2-2万/月,上海,外资（非欧美）,3-4年经验,6,招1人,五险一金 绩效奖金 年终奖金 定期体检,150-500人
253,前端开发,Web前端开发,高级WEB前端开发工程师,上海坤德信息科技有限公司,2-3万/月,上海-普陀区,民营公司,5-7年经验,6,招2人,五险一金 员工旅游 弹性工作 年终奖金 定期体检 交通补贴 出国机会,50-150人
254,前端开发,Web前端开发,Web开发工程师,大连明治科技有限公司,0.9-1.5万/月,上海-浦东新区,民营公司,3-4年经验,5,招6人,五险一金 绩效奖金 年终奖金,150-500人
255,前端开发,Web前端开发,前端开发工程师,上海天源迪科信息技术有限公司,0.7-1万/月,异地招聘,民营公司,2年经验,5,招1人,五险一金 员工旅游 交通补贴 通讯补贴 年终奖金 定期体检 节日福利,50-150人
256,前端开发,Web前端开发,Web前端开发工程师,上海占域实业有限公司,6-8千/月,上海,合资,无需经验,5,招2人,五险一金 员工旅游 绩效奖金 年终奖金 定期体检 出国机会,150-500人
257,前端开发,Web前端开发,Web前端开发工程师,上海医栗医疗科技有限公司,1.5-2万/月,上海-浦东新区,民营公司,3-4年经验,6,招1人,,150-500人
258,前端开发,Web前端开发,Web开发工程师,盾钰（上海）互联网科技有限公司,7-20万/年,上海-浦东新区,民营公司,1年经验,5,招2人,五险一金 员工旅游 专业培训 绩效奖金 年终奖金 节日福利 餐饮补贴,50-150人
259,前端开发,Web前端开发,前端开发工程师,深圳市天宇鸿通网络科技有限公司,1.5-2.8万/月,上海-浦东新区,民营公司,3-4年经验,5,招2人,五险一金 专业培训 绩效奖金 通讯补贴 员工旅游 定期体检 交通补贴,
260,前端开发,Web前端开发,Web前端开发工程师,上海宝资软件有限公司,0.7-1.2万/月,上海-宝山区,民营公司,2年经验,5,招3人,,150-500人
261,前端开发,Web前端开发,web前端工程师,易士软件（上海）有限公司,0.8-1.5万/月,上海-徐汇区,民营公司,2年经验,5,招5人,五险一金 餐饮补贴 通讯补贴 年终奖金 绩效奖金,50-150人
262,前端开发,Web前端开发,前端开发工程师,上海怀信智能科技有限公司,11-18万/年,上海-浦东新区,民营公司,3-4年经验,6,招若干人,通讯补贴 补充公积金 年终奖金 定期体检 五险一金 交通补贴 商业保险 员工旅游 专业培训 出国机会,50-150人
263,前端开发,Web前端开发,前端工程师,公安部第三研究所信息安全技术处,1-1.5万/月,上海,国企,3-4年经验,6,招若干人,五险一金 定期体检 员工旅游 餐饮补贴 通讯补贴 年终奖金,150-500人
264,前端开发,Web前端开发,Web前端开发工程师,元镁信息技术服务（上海）有限公司,0.8-1.6万/月,上海-浦东新区,合资,1年经验,6,招若干人,五险一金 绩效奖金 通讯补贴 带薪年假,150-500人
265,前端开发,Web前端开发,前端开发工程师(J10042),上海柏楚电子科技股份有限公司,15-29万/年,上海-闵行区,上市公司,1年经验,6,招若干人,五险一金 补充公积金 年终奖金 提供三餐 定期体检 节日福利 团建及旅游 超长春节假期,150-500人
266,前端开发,Web前端开发,前端架构师,上海树维信息科技有限公司,2-5万/月,上海,民营公司,5-7年经验,6,招若干人,五险一金 弹性工作 定期体检 员工旅游 绩效奖金,150-500人
267,前端开发,Web前端开发,Web前端/Html5 开发工程师/微信小程序,上海沪万智能科技有限公司,1.5-2万/月,上海-普陀区,合资,5-7年经验,6,招2人,五险一金 年终奖金 定期体检 弹性工作,少于50人
268,前端开发,Web前端开发,WebGL开发工程师,上海蓝色星球科技股份有限公司,1.5-3万/月,上海,上市公司,2年经验,5,招2人,五险一金 员工旅游 年终奖金 绩效奖金 专业培训 通讯补贴 周末双休 带薪年假,50-150人
269,前端开发,Web前端开发,Web前端开发工程师,上海瑞饶信息科技有限公司,1-1.5万/月,上海-虹口区,民营公司,3-4年经验,6,招1人,五险一金 餐饮补贴 年终奖金 定期体检 员工旅游 绩效奖金 交通补贴,50-150人
270,前端开发,Web前端开发,前端开发工程师,上海佳依佳信息科技有限公司,0.6-1.2万/月,上海-浦东新区,民营公司,1年经验,6,招2人,五险一金 绩效奖金 专业培训 定期体检 员工旅游,50-150人
271,前端开发,Web前端开发,Web前端开发工程师,上海至境智能科技有限公司,0.8-2万/月,上海-奉贤区,民营公司,3-4年经验,6,招2人,五险一金 员工旅游 餐饮补贴 弹性工作 定期体检 绩效奖金 节日福利,少于50人
272,前端开发,Web前端开发,前端开发工程师（QG）,上海实壹信息科技有限公司,1.2-1.5万/月,上海-浦东新区,合资,2年经验,5,招1人,五险一金 员工旅游 绩效奖金 年终奖金 弹性工作 团队聚餐 定期体检,150-500人
273,前端开发,Web前端开发,Web开发工程师,上海数林软件有限公司,8-10万/年,上海-浦东新区,民营公司,2年经验,6,招若干人,五险一金 餐饮补贴 免费班车 员工旅游 绩效奖金 年终奖金,50-150人
274,前端开发,Web前端开发,Web前端开发工程师,上海普瑞邦克软件技术有限公司,1.5-2万/月,上海,合资,3-4年经验,6,招若干人,五险一金 定期体检 餐饮补贴 补充公积金 周末双休 带薪年假 做五休二,150-500人
275,前端开发,Web前端开发,Web前端开发工程师,中网云智（深圳）科技有限公司,1.2-2.8万/月,上海-长宁区,民营公司,5-7年经验,5,招2人,,50-150人
276,前端开发,Web前端开发,Web开发工程师,加绩（上海）科技服务有限公司,1.5-2万/月,上海-嘉定区,上市公司,3-4年经验,6,招1人,补充医疗保险 五险一金 员工旅游 专业培训 定期体检 年终奖金,150-500人
277,前端开发,Web前端开发,Web前端开发工程师,上海聪链信息科技有限公司,1-1.5万/月,上海-浦东新区,民营公司,1年经验,6,招2人,五险一金 员工旅游 绩效奖金 年终奖金 定期体检 交通补贴 弹性工作 补充医疗保险 专业培训 补充公积金,50-150人
278,前端开发,Web前端开发,前端开发工程师,上海阳光睿玺信息科技有限公司,1-2.5万/月,上海-长宁区,民营公司,2年经验,6,招1人,五险一金 餐饮补贴 全勤奖,少于50人
279,前端开发,Web前端开发,Web前端开发工程师,上海磐铁网络科技有限公司,2.5-3万/月,上海-松江区,民营公司,3-4年经验,6,招若干人,五险一金 补充医疗保险 补充公积金 员工旅游 交通补贴 餐饮补贴 通讯补贴 专业培训 出国机会 绩效奖金,
280,前端开发,Web前端开发,前端软件工程师（上海）(J10062),深圳奥哲网络科技有限公司,1.1-2万/月,上海-长宁区,民营公司,5-7年经验,5,招若干人,五险一金 员工旅游 年终奖金 股票期权 绩效奖金 定期体检 周末双休 14薪,500-1000人
281,前端开发,Web前端开发,Web前端开发工程师,上海数全软件有限公司,0.8-1万/月,上海-浦东新区,民营公司,1年经验,5,招2人,,少于50人
282,前端开发,Web前端开发,前端开发工程师,上海海万信息科技股份有限公司,1.5-2万/月,上海-浦东新区,民营公司,3-4年经验,5,招10人,五险一金 免费班车 绩效奖金 弹性工作,1000-5000人
283,前端开发,Web前端开发,Web前端开发工程师,惠每移健（北京）科技有限公司,1.5-2万/月,上海-徐汇区,创业公司,3-4年经验,5,招1人,五险一金 通讯补贴 弹性工作 补充公积金,50-150人
284,前端开发,Web前端开发,高级前端开发工程师,上海凌脉网络科技股份有限公司,1.2-1.8万/月,上海-静安区,上市公司,3-4年经验,5,招1人,五险一金 餐饮补贴 通讯补贴 绩效奖金 年终奖金 股票期权 员工旅游,150-500人
285,前端开发,Web前端开发,Web前端开发工程师,精诚（中国）企业管理有限公司,0.9-1.5万/月,上海-徐汇区,外资（非欧美）,3-4年经验,6,招2人,五险一金 绩效奖金 定期体检 周末双休 通讯补贴 有薪事假 专业培训,150-500人
286,前端开发,Web前端开发,前端开发工程师,上海从开网络科技有限公司,1.1-1.8万/月,上海-嘉定区,民营公司,3-4年经验,5,招3人,五险一金 年终奖金,50-150人
287,前端开发,Web前端开发,Web前端工程师,上海易正软件技术服务有限公司,1-1.5万/月,上海-浦东新区,民营公司,3-4年经验,5,招若干人,五险一金 员工旅游 通讯补贴 年终奖金 定期体检 餐饮补贴,150-500人
288,前端开发,Web前端开发,Web前端开发工程师,上海漕河泾新兴技术开发区科技创业中心有限公司,1.2-1.5万/月,上海-徐汇区,民营公司,3-4年经验,6,招2人,五险一金 节日福利 员工旅游 年终奖金,少于50人
289,前端开发,Web前端开发,Web前端开发工程师（上海）,北京晶众智慧交通科技股份有限公司,1.5-2万/月,上海-闵行区,民营公司,2年经验,6,招2人,做五休二 周末双休 五险一金 专业培训 住房补贴 绩效奖金 意外保险,150-500人
290,前端开发,Web前端开发,高级前端开发工程师,上海奇码数字信息有限公司,1.6-2万/月,上海,外资（非欧美）,3-4年经验,6,招2人,五险一金 补充医疗保险 员工旅游 绩效奖金 年终奖金 专业培训 弹性工作,50-150人
291,前端开发,Web前端开发,前端软件开发工程师 - 上海,上海宏理信息科技有限公司,1-1.5万/月,上海-徐汇区,民营公司,3-4年经验,6,招2人,五险一金 交通补贴 餐饮补贴 股票期权 年终奖金,50-150人
292,前端开发,Web前端开发,Web前端开发工程师,上海科旭网络科技股份有限公司,1.1-1.4万/月,异地招聘,上市公司,3-4年经验,5,招若干人,五险一金 年终奖金 做五休二 周末双休 带薪年假 节日福利 餐饮补贴,150-500人
293,前端开发,Web前端开发,高级web前端工程师,数云信息技术（上海）有限公司,1.7-2.8万/月,上海,民营公司,3-4年经验,6,招1人,弹性工作 专业培训,500-1000人
294,前端开发,Web前端开发,软件开发工程师（要求化工相关专业）,埃思本软件技术（上海）有限公司,0.8-1.3万/月,上海-浦东新区,外资（欧美）,1年经验,6,招3人,周末双休 带薪年假 五险一金 节日福利 年度体检 弹性工作 补充医疗保险 试用期全额,150-500人
295,前端开发,Web前端开发,Web前端开发工程师,上海凯景信息技术有限公司,1.2-1.8万/月,上海-普陀区,民营公司,3-4年经验,5,招2人,,少于50人
296,前端开发,Web前端开发,前端开发工程师,凯捷技术咨询（杭州）有限公司,1.5-1.6万/月,上海,外资（欧美）,3-4年经验,5,招2人,,150-500人
297,前端开发,Web前端开发,Web前端开发工程师,上海永映软件有限公司,1-1.5万/月,上海-宝山区,民营公司,3-4年经验,6,招2人,,50-150人
298,前端开发,Web前端开发,前端开发工程师,华信永益（北京）信息技术有限公司,1.2-1.8万/月,上海-长宁区,民营公司,3-4年经验,5,招若干人,五险一金 餐饮补贴 弹性工作 节假日礼品 员工旅游 交通补贴,500-1000人
299,前端开发,Web前端开发,Web前端开发工程师,径赢网络科技（上海）有限公司,1.1-2万/月,上海-静安区,外资（欧美）,3-4年经验,6,招1人,五险一金 年终奖金 弹性工作 做五休二 带薪年假 专业培训 节日福利,50-150人
300,前端开发,Web前端开发,前端开发工程师,上海墨灿网络科技有限公司广州分公司,1.5-2万/月,上海-长宁区,民营公司,1年经验,6,招若干人,,1000-5000人
301,前端开发,Web前端开发,前端开发工程师-上海浦东-01235,中信网络科技股份有限公司,1.5-1.9万/月,上海-浦东新区,民营公司,5-7年经验,5,招2人,五险一金 补充医疗保险 餐饮补贴 年终奖金 定期体检,500-1000人
302,前端开发,Web前端开发,Web前端开发工程师,上海声阅智能科技有限公司,15-20万/年,上海-浦东新区,民营公司,2年经验,5,招1人,五险一金 员工旅游 交通补贴 餐饮补贴 通讯补贴 年终奖金 定期体检,50-150人
303,前端开发,Web前端开发,前端开发工程师,初米网络科技（上海）有限公司,1.5-2万/月,上海-长宁区,民营公司,5-7年经验,5,招2人,五险一金 年终奖金 不固定涨薪 专业培训 团队协作 定期体检,50-150人
304,前端开发,Web前端开发,中高级前端开发工程师,上海凯馨信息科技有限公司,1-1.5万/月,上海-浦东新区,民营公司,2年经验,6,招1人,,少于50人
305,前端开发,Web前端开发,Web前端开发工程师,上海有为信息技术有限公司,1-1.2万/月,上海,民营公司,2年经验,5,招2人,五险一金 员工旅游 交通补贴 餐饮补贴 年终奖金 绩效奖金 定期体检,少于50人
306,前端开发,Web前端开发,Web前端开发工程师,上海迪璞电子科技股份有限公司,1-1.7万/月,上海-浦东新区,民营公司,2年经验,6,招1人,五险一金 餐饮补贴 年终奖金 绩效奖金 定期体检 员工旅游 生日聚会 弹性工作,50-150人
307,前端开发,Web前端开发,网站前端开发工程师,上海扑满信息科技有限公司,6-8千/月,上海-黄浦区,民营公司,1年经验,5,招1人,五险一金 员工旅游 绩效奖金 年终奖金 弹性工作 定期体检 自备电脑补贴 免费零食茶饮,50-150人
308,前端开发,Web前端开发,Web前端开发工程师,上海影创信息科技有限公司,1.5-2万/月,上海-浦东新区,合资,3-4年经验,6,招1人,五险一金 员工旅游 餐饮补贴 年终奖金 定期体检,150-500人
309,前端开发,Web前端开发,前端开发工程师,上海孪数科技有限公司,2-2.5万/月,上海-杨浦区,民营公司,5-7年经验,6,招若干人,五险一金,50-150人
310,前端开发,Web前端开发,WEB前端开发-上海直招,上海英方软件股份有限公司,0.6-1.5万/月,上海-闵行区,上市公司,1年经验,6,招1人,五险一金 补充医疗保险 通讯补贴 绩效奖金 年终奖金 股票期权 定期体检 全员双休,150-500人
311,前端开发,Web前端开发,资深web前端开发,上海班富科技服务有限公司,1.3-1.8万/月,上海-徐汇区,民营公司,3-4年经验,5,招若干人,五险一金 定期体检 年终奖金 带薪休假,少于50人
312,前端开发,Web前端开发,前端开发工程师,上海布眼人工智能科技有限公司,1-1.5万/月,上海-浦东新区,民营公司,1年经验,6,招若干人,五险一金 弹性工作 补充公积金 周末双休,少于50人
313,前端开发,Web前端开发,前端制作工程师,威盛电子（上海）有限公司,1.2-2.5万/月,上海-浦东新区,外资（非欧美）,3-4年经验,6,招1人,弹性工作 商业保险 补充公积金,150-500人
314,前端开发,Web前端开发,前端开发工程师,上海蓝鳍信息科技有限公司,1-1.5万/月,上海-杨浦区,民营公司,2年经验,5,招1人,五险一金 年终奖金 餐饮补贴 员工旅游 绩效奖金,少于50人
315,前端开发,Web前端开发,前端开发工程师,薪得付信息技术(上海)有限公司,1-2万/月,上海-普陀区,外资（欧美）,3-4年经验,5,招1人,五险一金 弹性工作 绩效奖金 年终奖金 免费班车,500-1000人
316,前端开发,Web前端开发,Web前端工程师（上海）,上海华讯网络系统有限公司,1.2-2万/月,上海-浦东新区,国企,2年经验,6,招1人,五险一金 补充医疗保险 补充公积金 交通补贴 通讯补贴 专业培训 绩效奖金 定期体检,1000-5000人
317,前端开发,Web前端开发,前端开发工程师,普元软件有限公司,1-1.7万/月,上海-浦东新区,民营公司,3-4年经验,6,招2人,,500-1000人
318,前端开发,Web前端开发,高级前端开发工程师,上海悦米信息技术有限公司,1.5-2万/月,上海-徐汇区,合资,3-4年经验,5,招2人,五险一金 年终奖金 餐饮补贴 弹性工作 绩效奖金 定期体检 免费零食 周末双休,50-150人
319,前端开发,Web前端开发,Web前端开发工程师,上海梯度信息技术有限公司,1-1.5万/月,上海-浦东新区,民营公司,2年经验,6,招5人,五险一金 通讯补贴 绩效奖金 年终奖金 定期体检,少于50人
320,前端开发,Web前端开发,高级前端开发工程师,青岛兮易信息技术有限公司,1-2万/月,上海-杨浦区,创业公司,5-7年经验,6,招1人,交通补贴 通讯补贴 五险一金 弹性工作 绩效奖金 年终奖金 定期体检,50-150人
321,前端开发,Web前端开发,web前端开发-游戏,鼹鼠游戏,1-1.5万/月,上海-浦东新区,民营公司,1年经验,6,招若干人,五险一金 专业培训 绩效奖金 年终奖金 弹性工作 餐饮补贴 股票期权,50-150人
322,前端开发,Web前端开发,前端开发工程师,昆山双宇新信息科技有限公司,6-8千/月,上海,民营公司,无需经验,5,招1人,五险一金 年终奖金 绩效奖金 员工旅游 餐饮补贴 出国机会,少于50人
323,前端开发,Web前端开发,前端开发工程师-上海,秘珀（上海）软件科技有限公司,1-1.5万/月,上海,外资（欧美）,3-4年经验,6,招1人,五险一金 员工旅游 年终奖金 周末双休 带薪年休假 补充带薪休假 项目奖金 弹性工作 出差补贴 节日福利,50-150人
324,前端开发,Web前端开发,Web前端开发工程师,上海迅图数码科技有限公司,1-1.5万/月,上海-浦东新区,民营公司,2年经验,5,招2人,五险一金 补充医疗保险 员工旅游 绩效奖金 股票期权 年终奖金 定期体检 餐饮补贴,50-150人
325,前端开发,Web前端开发,前端开发工程师,上海职愿互联科技有限公司,0.5-1.5万/月,上海-松江区,民营公司,1年经验,6,招若干人,,少于50人
326,前端开发,Web前端开发,Web前端设计,上海领旗信息科技有限公司,0.8-1万/月,上海-浦东新区,民营公司,2年经验,5,招1人,员工旅游 年终奖金 做五休二,少于50人
327,前端开发,Web前端开发,WEB前端开发工程师/前端UI工程师,上海奥腾计算机科技有限公司,0.8-2万/月,上海,合资,2年经验,5,招1人,五险一金 交通补贴 餐饮补贴 通讯补贴 年终奖金 绩效奖金 弹性工作 定期体检 专业培训 股票期权,50-150人
328,前端开发,Web前端开发,Web前端开发工程师,上海同豪土木工程咨询有限公司,0.8-1.2万/月,上海-杨浦区,民营公司,2年经验,6,招2人,五险一金 餐饮补贴 绩效奖金 定期体检 带薪年假 生日贺礼,150-500人
329,前端开发,Web前端开发,WebGL开发工程师,芯勍（上海）智能化科技股份有限公司,1-1.5万/月,上海-嘉定区,民营公司,3-4年经验,6,招1人,,少于50人
330,前端开发,Web前端开发,前端开发工程师,南京万米信息技术有限公司,1.2-2万/月,异地招聘,民营公司,3-4年经验,5,招若干人,五险一金 绩效奖金 年终奖金 弹性工作 定期体检 免费晚餐 节日福利 带薪年假 司龄假 员工旅游,150-500人
331,前端开发,Web前端开发,Web前端开发工程师,东南数字经济发展研究院,15-32.5万/年,异地招聘,事业单位,无需经验,7,招2人,绩效奖金 年终奖金 五险一金 出国机会 定期体检 餐饮补贴 员工旅游 专业培训 弹性工作,50-150人
332,前端开发,Web前端开发,Web前端开发工程师,上海黛嗒信息技术有限公司,1-1.5万/月,上海-浦东新区,民营公司,3-4年经验,6,招6人,,150-500人
333,前端开发,Web前端开发,中高级前端开发工程师,帕科视讯科技（杭州）股份有限公司,1.5-2万/月,上海-浦东新区,民营公司,3-4年经验,6,招6人,五险一金 餐饮补贴 绩效奖金 年终奖金 周末双休,150-500人
334,前端开发,Web前端开发,前端开发工程师（医保项目）,广州橙信融通信息技术有限公司,1.5-2万/月,上海,民营公司,3-4年经验,6,招2人,,50-150人
335,前端开发,Web前端开发,Web前端开发工程师,上海复软信息科技有限公司,0.6-1万/月,上海-徐汇区,民营公司,2年经验,5,招1人,节日福利 带薪年假 高温补贴 通讯补贴 交通补贴,少于50人
336,前端开发,Web前端开发,Web前端开发工程师,上海渔夫卡卡信息技术有限公司,1-3万/月,上海-徐汇区,民营公司,3-4年经验,5,招3人,五险一金 年终奖金 绩效奖金 定期体检 专业培训 股票期权,150-500人
337,前端开发,Web前端开发,web前端开发工程师,上海首信信息科技有限公司,0.8-1.8万/月,上海-普陀区,民营公司,1年经验,6,招若干人,五险一金 员工旅游 交通补贴 餐饮补贴 通讯补贴 绩效奖金 周五下午茶,50-150人
338,前端开发,Web前端开发,极链科技--前端工程师,上海极链网络科技有限公司,1.5-2万/月,上海-静安区,民营公司,3-4年经验,6,招2人,做五休二 周末双休 弹性工作 带薪年假 五险一金 绩效奖金 节日福利 加班补贴,50-150人
339,前端开发,Web前端开发,Web前端开发工程师,上海盾壹科技有限公司,1-2万/月,上海-闵行区,民营公司,3-4年经验,5,招若干人,五险一金 员工旅游 绩效奖金 年终奖金 弹性工作 下午茶零食 定期技术分享,50-150人
340,前端开发,Web前端开发,Web前端开发工程师,上海龙智数码科技股份有限公司,1-1.5万/月,上海-徐汇区,民营公司,2年经验,6,招1人,五险一金 员工旅游 交通补贴 餐饮补贴 通讯补贴 专业培训 绩效奖金 年终奖金 弹性工作 定期体检,50-150人
341,前端开发,Web前端开发,前端开发工程师,雅智捷（上海）企业管理有限公司,1.5-2万/月,上海-静安区,外资（欧美）,3-4年经验,6,招若干人,五险一金 餐饮补贴 通讯补贴 交通补贴 年终奖金 弹性工作 定期体检,50-150人
342,前端开发,Web前端开发,前端开发工程师,宏盛建业投资集团有限公司,1.5-2.5万/月,上海-静安区,民营公司,3-4年经验,5,招1人,员工旅游 包吃住 五险一金 定期体检 年终奖金 绩效奖金,500-1000人
343,前端开发,Web前端开发,Web前端开发工程师,上海天用唯勤软件技术有限公司,1-1.5万/月,上海-浦东新区,民营公司,2年经验,6,招1人,五险一金 绩效奖金 员工旅游 餐饮补贴 专业培训 通讯补贴 年终奖金 交通补贴,150-500人
344,前端开发,Web前端开发,前端开发工程师（vue.js）,上海三高计算机中心股份有限公司,1.2-1.8万/月,上海-杨浦区,上市公司,3-4年经验,5,招若干人,五险一金 专业培训 定期体检 弹性工作 餐饮补贴 年终奖金 交通补贴,150-500人
345,前端开发,Web前端开发,Web前端开发工程师,恩士迅信息科技（上海）有限公司,2-3.5万/月,上海-杨浦区,外资（非欧美）,3-4年经验,5,招若干人,五险一金 补充医疗保险 出国机会 定期体检,500-1000人
346,前端开发,Web前端开发,Java全栈工程师,上海驭箭信息科技有限公司,1-1.5万/月,上海-徐汇区,民营公司,2年经验,6,招若干人,五险一金 员工旅游 交通补贴 餐饮补贴 绩效奖金 年终奖金 股票期权 专业培训,少于50人
347,前端开发,Web前端开发,Web前端开发工程师,西安西点信息技术有限公司,0.8-2万/月,上海-浦东新区,民营公司,2年经验,6,招2人,五险一金 弹性工作 员工旅游 股票期权,50-150人
348,前端开发,Web前端开发,Web前端开发,上海安硕信息技术股份有限公司,1.2-1.6万/月,上海-浦东新区,上市公司,2年经验,6,招2人,,1000-5000人
349,前端开发,Web前端开发,Web前端开发工程师,Raxtone雷腾,1.5-2万/月,上海-浦东新区,民营公司,5-7年经验,5,招1人,五险一金 餐饮补贴 年终奖金,150-500人
350,前端开发,Web前端开发,Web前端开发工程师,上海韬源信息技术有限公司,1-1.5万/月,上海-静安区,民营公司,3-4年经验,5,招3人,五险一金 绩效奖金 专业培训 员工旅游,150-500人
351,前端开发,Web前端开发,前端开发工程师,苏州花开四季网络科技有限公司,1-2万/月,上海-闵行区,民营公司,3-4年经验,5,招5人,五险一金 员工旅游 节日福利 绩效奖金 年终奖金,50-150人
352,前端开发,Web前端开发,前端开发工程师,珍岛信息技术（上海）股份有限公司,1.5-3万/月,上海-静安区,民营公司,3-4年经验,6,招若干人,,1000-5000人
353,前端开发,Web前端开发,APP开发工程师(IOS/Android),上海宝宏软件有限公司,0.8-1.2万/月,上海,民营公司,2年经验,5,招1人,五险一金 补充医疗保险 补充公积金 弹性工作 定期体检 年终奖金 专业培训,150-500人
354,前端开发,Web前端开发,高级前端开发工程师,繁翰信息技术（上海）有限公司,1.8-2.4万/月,上海-长宁区,民营公司,5-7年经验,6,招若干人,五险一金 员工旅游 通讯补贴 专业培训 绩效奖金 定期体检,50-150人
355,前端开发,Web前端开发,高级前端开发工程师,上海筑想信息科技股份有限公司,1.5-2万/月,上海-静安区,上市公司,5-7年经验,6,招1人,五险一金 年终奖金 定期体检 高温补贴 带薪年假 做五休二,150-500人
356,前端开发,Web前端开发,web前端开发工程师,上海泗博自动化技术有限公司,0.7-1.4万/月,上海-松江区,民营公司,3-4年经验,6,招2人,做五休二 带薪年假 五险一金 绩效奖金 节日福利 专业培训 餐饮补贴 加班补贴 员工旅游 晋升空间,50-150人
357,前端开发,Web前端开发,Recat前端开发工程师,亿诺凌信息科技（上海）有限公司,1-1.8万/月,上海-浦东新区,民营公司,2年经验,6,招2人,,50-150人
358,前端开发,Web前端开发,前端开发工程师,上海蓝山办公软件有限公司,1.6-2.5万/月,上海-浦东新区,民营公司,5-7年经验,6,招3人,五险一金 免费班车 年终奖金 弹性工作 定期体检,150-500人
359,前端开发,Web前端开发,Web前端设计师,君库（上海）信息科技有限公司,2-3万/月,上海,民营公司,5-7年经验,5,招1人,五险一金 年终奖金 弹性工作,50-150人
360,前端开发,Web前端开发,Web前端开发工程师,上海漫微信息技术有限公司,2-4万/月,上海-徐汇区,民营公司,3-4年经验,6,招5人,,1000-5000人
361,前端开发,Web前端开发,前端开发工程师,上海澳马信息技术服务有限公司,1-2万/月,上海,国企,3-4年经验,5,招若干人,餐饮补贴 绩效奖金 定期体检 弹性工作 五险一金 年终奖金,50-150人
362,前端开发,Web前端开发,Web前端开发工程师,上海建勖信息技术有限公司,0.9-1.4万/月,上海-浦东新区,民营公司,2年经验,6,招1人,五险一金 商业险 年终奖金 国外旅游 餐饮补贴 绩效奖金 专业培训 定期体检 过节费 生日费,少于50人
363,前端开发,Web前端开发,javascript/前端开发工程师,上海子午线新荣科技有限公司,1.1-1.9万/月,上海-浦东新区,民营公司,3-4年经验,6,招1人,五险一金 免费班车 员工旅游 交通补贴 餐饮补贴 通讯补贴 专业培训 绩效奖金,50-150人
364,前端开发,Web前端开发,VUE开发工程师,上海过河兵软件科技有限公司,1-1.4万/月,上海-徐汇区,民营公司,1年经验,5,招若干人,五险一金 年终奖金,150-500人
365,前端开发,Web前端开发,前端开发工程师,上海爱可生信息技术股份有限公司,1.2-2万/月,上海,民营公司,3-4年经验,6,招2人,五险一金 餐饮补贴 员工旅游,150-500人
366,前端开发,Web前端开发,Web前端开发工程师,上海逐鹿信息技术有限公司,1-1.5万/月,上海-黄浦区,民营公司,2年经验,5,招若干人,五险一金 员工旅游 餐饮补贴 生日福利 节日福利 团队聚餐,少于50人
367,前端开发,Web前端开发,前端开发工程师,小i机器人,1.2-2.5万/月,上海,民营公司,3-4年经验,6,招1人,五险一金 补充医疗保险 绩效奖金 做五休二 周末双休 带薪年假 节日福利,500-1000人
368,前端开发,Web前端开发,web前端开发工程师（上海）,上海大易云计算股份有限公司,1.2-2万/月,上海-黄浦区,合资,3-4年经验,5,招2人,,150-500人
369,前端开发,Web前端开发,前端开发工程师,北京腾信软创科技股份有限公司,1-1.5万/月,上海,上市公司,3-4年经验,6,招5人,,1000-5000人
370,前端开发,Web前端开发,前端开发工程师(J10244),上海百胜软件股份有限公司,1.8-2.8万/月,上海,上市公司,3-4年经验,5,招1人,五险一金 补充公积金 年终奖金 专业培训 绩效奖金,500-1000人
371,前端开发,Web前端开发,WEB技术工程师,上海微盼智能科技有限公司,1-1.5万/月,上海-浦东新区,合资,招若干人,,招若干人,,150-500人
372,前端开发,Web前端开发,Web开发工程师,上海沣海智能科技有限公司,1-1.5万/月,上海-黄浦区,合资,招若干人,,招若干人,,150-500人
373,前端开发,Web前端开发,Web前端开发工程师,上海溪湃智能科技有限公司,1-1.5万/月,上海-徐汇区,合资,招若干人,,招若干人,,150-500人
374,前端开发,Web前端开发,WEB技术工程师,上海翊缃智能科技有限公司,1.5-2万/月,上海-普陀区,合资,2年经验,6,招若干人,,50-150人
375,前端开发,Web前端开发,WEB技术工程师,上海柏迦科技有限公司,1-1.5万/月,上海-徐汇区,合资,招若干人,,招若干人,,50-150人
376,前端开发,Web前端开发,Web前端工程师,上海才扬软件科技有限公司,1-2.5万/月,上海,民营公司,3-4年经验,5,招3人,,150-500人
377,前端开发,Web前端开发,Web前端开发工程师,上海科霏智能科技有限公司,1-1.5万/月,上海-徐汇区,合资,1年经验,5,招若干人,五险一金 交通补贴 餐饮补贴 通讯补贴 专业培训 员工旅游 绩效奖金 年终奖金 定期体检,150-500人
378,前端开发,Web前端开发,高级web前端开发工程师,北京英特美迪科技有限公司,1.5-3万/月,上海-长宁区,民营公司,3-4年经验,6,招3人,五险一金 员工旅游 交通补贴 餐饮补贴 专业培训 绩效奖金 年终奖金 股票期权 弹性工作 定期体检,少于50人
379,前端开发,Web前端开发,Java开发工程师,上海腾程医学科技信息有限公司,1.8-2.5万/月,上海,外资（欧美）,5-7年经验,6,招2人,五险一金 餐饮补贴 年终奖金,50-150人
380,前端开发,Web前端开发,前端开发工程师,上海欣凯斯特信息技术有限公司,0.7-1万/月,上海-虹口区,民营公司,2年经验,5,招3人,五险一金 定期体检 年终奖金 员工旅游,50-150人
381,前端开发,Web前端开发,前端开发工程师,上海柯林布瑞信息技术有限公司,1-1.5万/月,上海-徐汇区,民营公司,3-4年经验,6,招1人,五险一金 餐饮补贴 弹性工作 定期体检 专业培训 绩效奖金 年终奖金 员工旅游,150-500人
382,前端开发,Web前端开发,前端开发工程师  11,申朴信息技术（上海）股份有限公司,1.5-2万/月,上海-虹口区,上市公司,5-7年经验,6,招10人,五险一金 弹性工作 年终奖金 周末双休 高温补贴 节日福利 带薪年假,500-1000人
383,前端开发,Web前端开发,Web前端开发工程师（中级）,上海海隆软件有限公司,1.5-2万/月,上海-徐汇区,民营公司,3-4年经验,6,招若干人,弹性工作 工作午餐 做五休二 周末双休 带薪年假 五险一金 节日福利,1000-5000人
384,前端开发,Web前端开发,前端开发工程师,上海信联信息发展股份有限公司-智慧政务事业群,1-1.5万/月,上海-普陀区,上市公司,2年经验,5,招若干人,五险一金 定期体检 餐饮补贴 员工旅游 交通补贴 通讯补贴 绩效奖金,1000-5000人
385,前端开发,Web前端开发,Web前端开发工程师,合美惠电子商务有限公司,1.5-2万/月,上海-浦东新区,合资,5-7年经验,6,招若干人,做五休二 带薪年假 五险一金 餐饮补贴 绩效奖金 全勤奖 节日福利,150-500人
386,前端开发,Web前端开发,高级前端开发工程师,苏州维莱科软件有限公司,1.7-2.2万/月,上海-嘉定区,民营公司,5-7年经验,5,招1人,五险一金 年终奖金 弹性工作,50-150人
387,前端开发,Web前端开发,Web前端工程师,上海启高信息科技有限公司,1.5-2万/月,上海-闵行区,民营公司,3-4年经验,6,招4人,绩效奖金 年终奖金 交通补贴 餐饮补贴 五险一金,50-150人
388,前端开发,Web前端开发,前端开发工程师（学信网可查学历）,成都迈思信息技术有限公司,1-1.5万/月,上海-徐汇区,民营公司,3-4年经验,6,招若干人,五险一金 周末双休,150-500人
389,前端开发,Web前端开发,PHP开发工程师,迈檬信息科技（上海）有限公司,0.7-1.2万/月,上海-嘉定区,创业公司,1年经验,5,招2人,五险一金 员工旅游 交通补贴 餐饮补贴 绩效奖金,少于50人
390,前端开发,Web前端开发,前端开发工程师,上海邦家网络科技有限公司,1.5-2万/月,上海-徐汇区,民营公司,5-7年经验,5,招1人,高新技术行业 政府支持项目 巨大晋升空间 弹性工作时间 年终奖金 绩效奖金 餐饮补贴 通讯补贴 五险一金,50-150人
391,前端开发,Web前端开发,前端开发工程师,上海齐炫信息科技有限公司,0.8-1万/月,上海-闵行区,民营公司,3-4年经验,5,招5人,五险一金 年终奖金 绩效奖金 做五休二 员工旅游,50-150人
392,前端开发,Web前端开发,前端开发工程师,上海远涛信息技术服务有限公司,1.2-1.3万/月,上海-虹口区,民营公司,2年经验,6,招1人,五险一金 员工旅游 节日福利 专业培训 定期团建 弹性工作 带薪年假 加班补助,50-150人
393,前端开发,Web前端开发,Web前端开发工程师,上海汇亚信息科技有限公司,0.8-1.2万/月,上海-浦东新区,民营公司,1年经验,5,招若干人,五险一金 绩效奖金 员工旅游 交通补贴 餐饮补贴 专业培训 年终奖金 免费班车 弹性工作,50-150人
394,前端开发,Web前端开发,高级web前端开发,上海网达软件股份有限公司,1.5-2.3万/月,上海-虹口区,上市公司,5-7年经验,6,招若干人,五险一金 免费班车 专业培训 绩效奖金,1000-5000人
395,前端开发,Web前端开发,初级web（英语读写好）,上海柏维信息技术有限公司,6-8千/月,上海-徐汇区,合资,1年经验,6,招6人,五险一金 定期体检 带薪年假 节日福利 人才推荐奖 司龄礼物 生日礼物 季度团建,50-150人
396,前端开发,Web前端开发,Web前端开发工程师,米茂（上海）数字技术有限公司,0.6-1.8万/月,上海-闵行区,民营公司,3-4年经验,6,招1人,,少于50人
397,前端开发,Web前端开发,Web前端开发工程师,上海劳勤信息技术有限公司,1.2-1.8万/月,上海-闵行区,民营公司,2年经验,6,招5人,五险一金 专业培训 绩效奖金 员工旅游 定期体检,150-500人
398,前端开发,Web前端开发,HTML5开发工程师,武汉牧望群网络科技有限公司,1.5-3.5万/月,异地招聘,合资,3-4年经验,5,招2人,五险一金 补充公积金 餐饮补贴 通讯补贴 出国机会 绩效奖金 年终奖金 弹性工作 交通补贴,50-150人
399,前端开发,Web前端开发,web前端工程师,上海讯真信息科技有限公司,1.2-2万/月,上海-静安区,民营公司,2年经验,6,招1人,五险一金 餐饮补贴 员工旅游,50-150人
400,前端开发,Web前端开发,前端开发工程师,维恩贝特科技有限公司,1-2万/月,上海,民营公司,3-4年经验,6,招若干人,五险一金 餐饮补贴 年终奖金 定期体检,500-1000人
401,前端开发,Web前端开发,高级前端开发工程师,上海翼舶港信息技术有限公司,2-2.8万/月,上海-浦东新区,民营公司,5-7年经验,5,招1人,五险一金 员工旅游 绩效奖金 定期体检,50-150人
402,前端开发,Web前端开发,VUE前端开发工程师,广东胜通和科技服务有限公司,1.5-2万/月,上海-静安区,国企,3-4年经验,5,招若干人,绩效奖金 年终奖金 专业培训 六险一金 带薪年假 周末双休,10000人以上
403,前端开发,Web前端开发,Web开发工程师,冠通新创科技（上海）有限公司,1-1.5万/月,上海-奉贤区,外资（欧美）,3-4年经验,6,招5人,五险一金 免费班车 弹性工作 提供吃住,50-150人
404,前端开发,Web前端开发,资深iOS开发工程师,杭州涂鸦信息技术有限公司,2-3万/月,上海-长宁区,上市公司,2年经验,6,招5人,,1000-5000人
405,前端开发,Web前端开发,Web前端开发工程师,上海朗裕信息科技有限公司,1-1.8万/月,上海-徐汇区,民营公司,3-4年经验,5,招若干人,五险一金 全勤奖 弹性工作 住房补贴 做五休二 交通补贴 加班补贴,50-150人
406,前端开发,Web前端开发,Web后端开发工程师,上海蜜度信息技术有限公司,1-1.5万/月,上海,民营公司,2年经验,5,招1人,做五休二 弹性工作 通讯补贴 餐饮补贴,500-1000人
407,前端开发,Web前端开发,高级Web前端开发工程师,上海艾莎医学科技有限公司,1.5-2.2万/月,上海-徐汇区,民营公司,5-7年经验,5,招2人,员工旅游 弹性工作 年终奖金 餐饮补贴 五险一金 落户办理,150-500人
408,前端开发,Web前端开发,Web前端开发工程师,上海炬路信息科技有限公司,0.8-1.5万/月,上海-青浦区,民营公司,2年经验,6,招若干人,五险一金 免费班车 弹性工作 员工旅游 年终奖金,少于50人
409,前端开发,Web前端开发,React前端开发工程师,上海信聚信息技术有限公司,1.5-2.5万/月,异地招聘,民营公司,3-4年经验,5,招2人,五险一金 定期体检 员工旅游 年终奖金 餐饮补贴 弹性工作,50-150人
410,前端开发,Web前端开发,前端开发工程师,初识智能科技（上海）有限公司,1-1.5万/月,上海-浦东新区,民营公司,2年经验,5,招2人,五险一金 年终奖金 弹性工作,少于50人
411,前端开发,Web前端开发,前端开发Leader,上海华屹数码科技有限公司,1.5-2万/月,上海-徐汇区,合资,5-7年经验,6,招1人,五险一金 员工旅游 交通补贴 餐饮补贴 通讯补贴 绩效奖金 股票期权 年终奖金 弹性工作 定期体检,150-500人
412,前端开发,Web前端开发,Web前端开发工程师,上海鹰玺信息科技有限责任公司,0.9-1.4万/月,上海-闵行区,民营公司,1年经验,5,招1人,,
413,前端开发,Web前端开发,前端开发工程师,上海冠轮信息技术有限公司,1-1.5万/月,上海-长宁区,民营公司,2年经验,5,招6人,五险一金 餐饮补贴,50-150人
414,前端开发,Web前端开发,前端开发工程师,上海云令智享信息技术有限公司,1-1.5万/月,上海-普陀区,民营公司,2年经验,5,招1人,,少于50人
415,前端开发,Web前端开发,前端开发工程师,上海通天晓信息技术有限公司,1-2万/月,上海-普陀区,民营公司,3-4年经验,6,招2人,五险一金 专业培训 员工旅游 做五休二 周末双休 带薪年假 节日福利,150-500人
416,前端开发,Web前端开发,初级前端开发工程师,美国K2软件（中国）,6-9千/月,上海-徐汇区,外资（非欧美）,1年经验,5,招2人,五险一金 定期体检,50-150人
417,前端开发,Web前端开发,高级前端开发工程师,上海新炬网络信息技术股份有限公司,1.5-2万/月,上海-浦东新区,上市公司,3-4年经验,5,招1人,五险一金 定期体检 员工旅游 通讯补贴 年终奖金 周末双休 带薪年假,1000-5000人
418,前端开发,Web前端开发,高级前端开发工程师,上海亘岩网络科技有限公司,1.8-3万/月,上海-闵行区,创业公司,3-4年经验,6,招3人,包三餐 五险一金 员工旅游 弹性工作 定期体检 年终奖金,150-500人
419,前端开发,Web前端开发,中高级前端工程师,学透通医疗科技（上海）有限公司,1.2-1.7万/月,上海-静安区,合资,3-4年经验,5,招1人,,150-500人
420,前端开发,Web前端开发,JS前端开发工程师,上海创景信息科技有限公司,1-2万/月,上海,民营公司,无需经验,6,招2人,五险一金 补充医疗保险 餐饮补贴 定期体检 绩效奖金 年终奖金,150-500人
421,前端开发,Web前端开发,ReactJS开发工程师,探谋网络科技（上海）有限公司,1.5-2万/月,上海,外资（欧美）,3-4年经验,5,招2人,五险一金 员工旅游 绩效奖金 年终奖金 国际团队,少于50人
422,前端开发,Web前端开发,前端开发工程师,北京瑞尼尔技术有限公司,1-2.5万/月,上海-长宁区,民营公司,2年经验,6,招1人,五险一金 年终奖金 餐饮补贴 补充医疗保险 员工旅游 股票期权 绩效奖金 专业培训 定期体检,50-150人
423,前端开发,Web前端开发,中级前端开发工程师,上海共睿信息技术有限公司,1.3-2万/月,上海,民营公司,3-4年经验,5,招2人,,150-500人
424,前端开发,Web前端开发,初级前端开发工程师（非外派）,易保网络技术（上海）有限公司-eBaoTech Corporation,1-1.5万/月,上海-杨浦区,外资（欧美）,1年经验,6,招1人,五险一金 补充医疗保险 弹性工作 定期体检 交通补贴 年终奖金 员工旅游,1000-5000人
425,前端开发,Web前端开发,Web前端开发工程师,仁卅信息科技（上海）有限公司,0.8-1万/月,上海-普陀区,外资（非欧美）,3-4年经验,5,招若干人,,150-500人
426,前端开发,Web前端开发,前端开发工程师（初中级）,上海阜坤信息科技有限公司,1-1.5万/月,上海-浦东新区,民营公司,2年经验,5,招1人,五险一金 交通补贴 餐饮补贴 绩效奖金 年终奖金,150-500人
427,前端开发,Web前端开发,Web前端研发工程师,上海剡藤数据科技有限公司,0.8-1.2万/月,上海-青浦区,民营公司,2年经验,6,招若干人,五险一金 餐饮补贴 绩效奖金 弹性工作,少于50人
428,前端开发,Web前端开发,Web前端(JavaScript)研发工程师,上海卓盟信息科技有限公司,1.3-2.5万/月,上海-闵行区,合资,1年经验,6,招10人,五险一金 员工旅游 绩效奖金 餐饮补贴 弹性工作 年终奖金 股票期权,50-150人
429,前端开发,Web前端开发,前端应用工程师,上海精程后勤服务有限公司,0.7-1.2万/月,上海-浦东新区,民营公司,1年经验,6,招1人,五险一金 绩效奖金 年终奖金 弹性工作 员工旅游,50-150人
430,前端开发,Web前端开发,前端开发工程师,上海矽睿科技有限公司,1-1.5万/月,上海-嘉定区,合资,2年经验,,招1人,五险一金 补充医疗保险 餐饮补贴 定期体检 股票期权 员工旅游 绩效奖金 年终奖金 专业培训 弹性工作,150-500人
431,前端开发,Web前端开发,WEB前端开发工程师,金蝶集团上海管易云计算软件有限公司,1.5-2.5万/月,上海-浦东新区,上市公司,3-4年经验,6,招4人,五险一金 员工旅游 专业培训 绩效奖金 年终奖金 弹性工作 补充医疗保险 餐饮补贴,150-500人
432,前端开发,Web前端开发,前端开发工程师,上海威士顿信息技术股份有限公司,1-1.5万/月,上海-虹口区,民营公司,2年经验,6,招若干人,周末双休 带薪年假 五险一金 绩效奖金 节日福利 专业培训,150-500人
433,前端开发,Web前端开发,前端开发工程师-外包驻场,上海欧点信息技术有限公司,1.2-1.8万/月,上海-徐汇区,民营公司,3-4年经验,6,招2人,,少于50人
434,前端开发,Web前端开发,Web前端开发工程师,上海知平信息技术有限公司,2.5-3万/月,上海-普陀区,民营公司,5-7年经验,5,招5人,五险一金 员工旅游 年终奖金 免费班车 弹性工作 周末双休,150-500人
435,前端开发,Web前端开发,前端开发工程师-外派-国企,大连东软思维科技发展有限公司,1.5-2万/月,上海-嘉定区,民营公司,5-7年经验,6,招若干人,五险一金 定期体检 补充医疗保险 带薪年假 节日福利,1000-5000人
436,前端开发,Web前端开发,前端开发工程师,上海芮想信息科技有限公司,1.5-2万/月,上海-闵行区,民营公司,3-4年经验,6,招若干人,五险一金 补充医疗保险 年终奖金 定期体检 节日福利,1000-5000人
437,前端开发,Web前端开发,web前端,上海雪萌网络科技有限公司,1-1.5万/月,上海-徐汇区,民营公司,招3人,,招3人,五险一金 节日福利 餐饮补贴 年底双薪 零食饮料,50-150人
438,前端开发,Web前端开发,资深前端工程师,思凯迈人工智能科技有限责任公司,2.5-3万/月,上海-浦东新区,合资,5-7年经验,6,招2人,,50-150人
439,前端开发,Web前端开发,Web 前端开发工程师,上海术木医疗科技有限公司,1.5-2万/月,上海-徐汇区,民营公司,3-4年经验,6,招2人,五险一金 员工旅游 餐饮补贴 专业培训 绩效奖金 股票期权 弹性工作,50-150人
440,前端开发,Web前端开发,react前端开发工程师,上海炽聚网络科技有限公司,1-1.5万/月,上海-徐汇区,民营公司,3-4年经验,5,招5人,五险一金 定期体检 商业保险 早十晚七 做五休二 交通补贴 年终奖金 每年都有调薪,50-150人
441,前端开发,Web前端开发,前端开发工程师,上海企通数字科技有限公司,1-1.5万/月,上海,民营公司,1年经验,6,招1人,五险一金 员工旅游 通讯补贴 专业培训 出国机会 绩效奖金 年终奖金 弹性工作 定期体检,150-500人
442,前端开发,Web前端开发,Web前端开发工程师,三贯信息科技（上海）有限公司,6-8千/月,上海-浦东新区,民营公司,1年经验,5,招5人,五险一金 餐饮补贴 绩效奖金 员工旅游 年终奖金 交通补贴 定期体检 住房补贴 晋升空间,50-150人
443,前端开发,Web前端开发,高级前端开发工程师-(J10475),上海耸智信息科技有限公司,1-1.6万/月,上海-徐汇区,民营公司,3-4年经验,6,招1人,周末双休 弹性工作 五险一金 餐饮补贴 绩效奖金 年终奖金,150-500人
444,前端开发,Web前端开发,前端开发工程师,上海迄盼信息技术有限公司,1-1.5万/月,上海-长宁区,合资,2年经验,6,招若干人,,50-150人
445,前端开发,Web前端开发,Web前端开发工程师,上海川远信息科技有限公司,1-1.8万/月,上海-松江区,民营公司,3-4年经验,5,招3人,五险一金 员工旅游 专业培训 年终奖金 做五休二 定期体检 节日礼物 员工宿舍,50-150人
446,前端开发,Web前端开发,软件研发工程师（Web前端开发）,博康云信科技有限公司,0.8-1万/月,上海-徐汇区,合资,3-4年经验,6,招若干人,,150-500人
447,前端开发,Web前端开发,前端开发工程师,上海畅为信息技术有限公司,1-2万/月,上海-杨浦区,民营公司,3-4年经验,5,招1人,五险一金 周末双休 带薪年假,50-150人
448,前端开发,Web前端开发,前端开发工程师——武汉,东方汇创（北京）软件有限公司,1.3-2万/月,异地招聘,民营公司,3-4年经验,6,招若干人,,少于50人
449,前端开发,Web前端开发,前端开发工程师,湖南金烽信息科技有限公司,1.5-2万/月,上海-徐汇区,民营公司,3-4年经验,6,招若干人,五险一金 周末双休 弹性工作 加班少可调休 带薪年假 带薪法定假 节日礼品 领导好,150-500人
450,前端开发,Web前端开发,前端开发工程师（上海）,上海创至计算机科技股份有限公司,1-1.5万/月,上海-普陀区,民营公司,3-4年经验,6,招1人,五险一金 节假日福利 带薪年假,50-150人
451,前端开发,Web前端开发,Web前端开发工程师,上海浩宜信息科技有限公司,0.8-1.5万/月,上海-浦东新区,民营公司,2年经验,5,招2人,五险一金 员工旅游 年终奖金 定期体检 专业培训,150-500人
452,前端开发,Web前端开发,Web前端开发工程师,上海鹏生科技有限公司,1.5-2.5万/月,上海-浦东新区,民营公司,3-4年经验,6,招若干人,五险一金 员工旅游 餐饮补贴 通讯补贴 专业培训 绩效奖金 年终奖金 股票期权 弹性工作 定期体检,150-500人
453,前端开发,Web前端开发,web前端开发工程师,杭州思福迪信息技术有限公司,0.8-1.2万/月,上海-闵行区,民营公司,1年经验,5,招1人,做五休二 周末双休 五险一金 绩效奖金 带薪年假 节日福利,50-150人
454,前端开发,Web前端开发,前端开发,上海贯信信息技术有限公司,1-1.2万/月,上海-杨浦区,民营公司,1年经验,5,招1人,五险一金 员工旅游 年终奖金 专业培训 节日福利 优秀专业人才 领导相处易 办公室漂亮 地处繁华商圈,50-150人
455,前端开发,Web前端开发,Web前端开发工程师,驰曼（上海）信息科技有限公司,1.2-1.5万/月,上海-徐汇区,民营公司,2年经验,6,招1人,新兴市场 专业培训 发展前景广阔 地铁沿线 绩效奖金 年终奖金,少于50人
456,前端开发,Web前端开发,Web前端开发工程师,北京先进数通信息技术股份公司,1-1.6万/月,上海-浦东新区,上市公司,3-4年经验,5,招1人,,1000-5000人
457,前端开发,Web前端开发,高级Web前端开发工程师,薪得付信息技术（上海）有限公司,2-2.5万/月,上海,外资（欧美）,5-7年经验,6,招1人,做五休二 带薪年假 五险一金 专业培训 年终奖金 定期体检,1000-5000人
458,前端开发,Web前端开发,前端开发工程师（会日语优先）,海隆软件（昆山）有限公司,0.8-1万/月,异地招聘,上市公司,1年经验,5,招若干人,,150-500人
459,前端开发,Web前端开发,高级前端开发工程师,上海缔塔科技有限公司,1.5-2万/月,上海-浦东新区,民营公司,3-4年经验,5,招1人,五险一金 定期体检 专业培训 员工旅游,50-150人
460,前端开发,Web前端开发,化学信息学工程师,上海鹰谷信息科技有限公司,0.8-1.2万/月,上海-浦东新区,民营公司,2年经验,6,招5人,扁平管理 内部晋升 优秀创业团队 专业培训 股票期权 年度调薪 员工旅游 年终奖金 绩效奖金 贴心福利,少于50人
461,前端开发,Web前端开发,Web前端开发工程师,理睦信息科技（上海）有限公司,0.6-3万/月,上海-嘉定区,民营公司,1年经验,5,招5人,做五休二 周末双休 五险一金 绩效奖金 节日福利 专业培训 交通补贴 加班补贴,少于50人
462,前端开发,Web前端开发,前端开发工程师,什维新智医疗科技（上海）有限公司,0.7-2万/月,上海-普陀区,民营公司,3-4年经验,6,招2人,五险一金 餐饮补贴,50-150人
463,前端开发,Web前端开发,资深前端开发工程师,燕梭金融信息科技（上海）有限公司,1.5-1.9万/月,上海-浦东新区,民营公司,5-7年经验,6,招若干人,五险一金 餐饮补贴 节日福利,50-150人
464,前端开发,Web前端开发,Web前端开发工程师,上海绿度信息科技股份有限公司,0.7-1万/月,上海-松江区,民营公司,2年经验,6,招1人,五险一金 餐饮补贴 年终奖金,少于50人
465,前端开发,Web前端开发,Web前端开发工程师,上海融航信息技术股份有限公司,1-3万/月,上海,民营公司,2年经验,6,招1人,周末双休 带薪年假 五险一金 节日福利 专业培训,50-150人
466,前端开发,Web前端开发,Web前端开发工程师（上海）,深圳市星网信通科技有限公司,0.8-1.2万/月,上海-徐汇区,民营公司,2年经验,6,招若干人,五险一金 通讯补贴 年终奖金 定期体检 交通补贴,150-500人
467,前端开发,Web前端开发,支付宝&微信小程序前端开发,励元科技（上海）有限公司,1-1.5万/月,上海-浦东新区,民营公司,3-4年经验,6,招2人,五险一金 员工旅游 绩效奖金 年终奖金 定期体检 通讯补贴 专业培训,150-500人
468,前端开发,Web前端开发,前端开发工程师VUE,心耀软件科技（上海）有限公司,1-2万/月,上海-闵行区,合资,2年经验,,招3人,五险一金 员工旅游 餐饮补贴 做五休二 周末双休 带薪年假 全勤奖 节日福利,150-500人
469,前端开发,Web前端开发,前端开发工程师,苏州乔客云数据科技有限公司,1-1.5万/月,上海,民营公司,3-4年经验,6,招2人,周末双休 带薪年假 节日福利 五险一金,少于50人
470,前端开发,Web前端开发,H5前端开发,上海吾创信息科技有限公司,1.5-2万/月,上海-闵行区,民营公司,3-4年经验,6,招2人,五险一金 年终奖金 专业培训 餐饮补贴 周末双休,150-500人
471,前端开发,Web前端开发,Web前端开发,上海龙照电子有限公司,1.5-2万/月,上海-浦东新区,民营公司,3-4年经验,6,招1人,五险一金 交通补贴 餐饮补贴 专业培训 年终奖金 定期体检,50-150人
472,前端开发,Web前端开发,Web前端开发工程师,物泊科技有限公司,1.5-3万/月,上海-浦东新区,民营公司,2年经验,6,招若干人,五险一金 免费班车 免费中晚餐 年终奖金,150-500人
473,前端开发,Web前端开发,前端架构师,新智道枢（上海）科技有限公司,2-3.5万/月,上海-青浦区,民营公司,5-7年经验,5,招1人,,150-500人
474,前端开发,Web前端开发,中级前端开发工程师,佳都新太科技股份有限公司,1.2-1.8万/月,上海-浦东新区,民营公司,3-4年经验,6,招2人,五险一金 年终奖金 带薪年假 周末双休 高温补贴 专业培训 节假日福利,1000-5000人
475,前端开发,Web前端开发,web前端工程师,上海帝仪科技有限公司,0.8-1.5万/月,上海-徐汇区,民营公司,3-4年经验,6,招2人,五险一金 通讯补贴 带薪年假 节日福利,50-150人
476,前端开发,Web前端开发,Web前端开发工程师,上海盛大网络发展有限公司,2-2.5万/月,上海-浦东新区,民营公司,5-7年经验,6,招1人,,150-500人
477,前端开发,Web前端开发,高级web前端开发工程师,烟台海岸线网络科技有限公司,2-3万/月,上海-徐汇区,民营公司,5-7年经验,6,招2人,五险一金 周末双休 年底双薪,50-150人
478,前端开发,Web前端开发,前端开发工程师,北京思诺博信息技术有限公司,1-1.8万/月,上海-长宁区,合资,2年经验,6,招若干人,五险一金 定期体检 年终奖金 专业培训 补充医疗保险,150-500人
479,前端开发,Web前端开发,Web前端开发工程师,上海数瀛信息科技有限公司,1-1.8万/月,上海-松江区,民营公司,3-4年经验,5,招5人,五险一金 免费班车 员工旅游 年终奖金 弹性工作 定期体检,少于50人
480,前端开发,Web前端开发,前端开发工程师,上海成允网络科技有限公司,0.8-1.2万/月,上海-静安区,民营公司,2年经验,5,招3人,五险一金 做五休二 全勤奖 带薪年假 节日福利,50-150人
481,前端开发,Web前端开发,前端VUE开发工程师,深圳市赢和信息技术有限公司,0.9-1.5万/月,上海-虹口区,民营公司,2年经验,6,招若干人,,50-150人
482,前端开发,Web前端开发,智慧城市前端开发,兴业数字金融服务（上海）股份有限公司,20-30万/年,上海-浦东新区,合资,无需经验,6,招若干人,,500-1000人
483,前端开发,Web前端开发,前端开发工程师,无锡感知金服物联网科技有限公司,1.2-1.6万/月,上海-闵行区,民营公司,2年经验,6,招1人,法定假日 周末双休 年休假 节假日福利 年终奖金,150-500人
484,前端开发,Web前端开发,Java全栈工程师,上海砥学信息科技有限公司,0.9-1.4万/月,上海-松江区,民营公司,3-4年经验,5,招若干人,,50-150人
485,前端开发,Web前端开发,前端开发工程师,上海作本化工科技有限公司,1.5-2万/月,上海-闵行区,民营公司,5-7年经验,5,招若干人,五险一金 员工旅游 定期体检 年终奖金 绩效奖金 专业培训 餐饮补贴,少于50人
486,前端开发,Web前端开发,WEB前端工程师,上海安维尔信息科技股份有限公司,1-2万/月,上海-浦东新区,民营公司,2年经验,6,招2人,五险一金 餐饮补贴 年终奖金 员工旅游,50-150人
487,前端开发,Web前端开发,高级web前端开发工程师,桑田智能技术（上海）有限公司,1.9-2.2万/月,上海-宝山区,民营公司,5-7年经验,6,招1人,五险一金 员工旅游 交通补贴 餐饮补贴,少于50人
488,前端开发,Web前端开发,前端中高级开发工程师-上海,上海梦创双杨数据科技股份有限公司,1-3万/月,上海,民营公司,3-4年经验,6,招15人,五险一金 专业培训 年终奖金 定期体检,1000-5000人
489,前端开发,Web前端开发,Web前端开发工程师,上海奕凯信息科技有限公司,0.8-1.2万/月,上海-普陀区,民营公司,1年经验,5,招1人,弹性工作 五险一金 带薪年假 专业培训 周末双休 不加班,少于50人
490,前端开发,Web前端开发,Web前端开发工程师,中讯志远（武汉）科技有限公司,1-1.5万/月,上海-杨浦区,民营公司,3-4年经验,5,招5人,年终奖金 五险一金,50-150人
491,前端开发,Web前端开发,Web前端开发工程师,上海逢新耀网络科技有限公司,1-1.5万/月,上海-浦东新区,民营公司,1年经验,5,招2人,五险一金 绩效奖金 年终奖金 弹性工作 股票期权,150-500人
492,前端开发,Web前端开发,Web前端工程师,上海华兴数字科技有限公司,1.8-3万/月,上海-浦东新区,民营公司,3-4年经验,6,招若干人,五险一金 员工旅游 专业培训 餐饮补贴 绩效奖金 年终奖金 免费班车,150-500人
493,前端开发,Web前端开发,WEB前端开发工程师,郑州辰而将行软件科技有限公司,1.3-1.7万/月,上海,民营公司,2年经验,5,招4人,五险一金 年终奖金,50-150人
494,前端开发,Web前端开发,Web前端工程师,上海电气集团数字科技有限公司,20-35万/年,上海-徐汇区,国企,5-7年经验,6,招2人,五险一金 餐饮补贴 通讯补贴 绩效奖金 年终奖金 定期体检,150-500人
495,前端开发,Web前端开发,前端开发工程师,上海声通信息科技股份有限公司,1-1.5万/月,上海-闵行区,民营公司,2年经验,5,招1人,五险一金,50-150人
496,前端开发,Web前端开发,前端开发工程师,上海晓联信息技术有限公司,1-1.5万/月,上海-浦东新区,民营公司,2年经验,5,招若干人,,50-150人
497,前端开发,Web前端开发,Web前端开发工程师,上海同道信息技术有限公司,1-1.5万/月,上海-徐汇区,民营公司,2年经验,6,招5人,五险一金 餐饮补贴 年终奖金,150-500人
498,前端开发,Web前端开发,初级前端,上海速强信息技术股份有限公司,0.8-1万/月,上海-浦东新区,民营公司,2年经验,6,招若干人,五险一金 员工旅游 定期体检 节日福利 带薪休假,150-500人
499,前端开发,Web前端开发,Web前端开发工程师,上海菁淇信息科技有限公司,1-1.5万/月,上海-长宁区,合资,2年经验,5,招若干人,,50-150人
500,前端开发,Web前端开发,前端开发工程师,上海红星共赢云计算科技有限公司,1.5-3万/月,上海-闵行区,民营公司,5-7年经验,6,招若干人,,150-500人
501,前端开发,Web前端开发,Web前端开发工程师,上海鼎格信息科技有限公司,0.7-1.5万/月,上海-浦东新区,民营公司,1年经验,5,招2人,五险一金 绩效奖金 年终奖金 股票期权 弹性工作,50-150人
502,前端开发,Web前端开发,Web前端开发（前端技术主管储备）,上海方融科技有限责任公司,1.5-2.3万/月,上海-虹口区,民营公司,3-4年经验,6,招1人,五险一金 绩效奖金 周末双休 年终奖金 股票期权 弹性工作 定期体检,50-150人
503,前端开发,Web前端开发,前端开发工程师,上海艾丝薇实业有限公司,0.8-1万/月,上海-杨浦区,民营公司,1年经验,5,招1人,,50-150人
504,前端开发,Web前端开发,Web前端开发工程师,上海新网程信息技术股份有限公司,1-1.8万/月,上海-普陀区,民营公司,3-4年经验,6,招2人,五险一金 交通补贴 员工旅游 年终奖金 股票期权 绩效奖金 通讯补贴,50-150人
505,前端开发,Web前端开发,前端开发工程师,江苏易云科技有限公司,1.5-2万/月,上海-虹口区,民营公司,5-7年经验,6,招10人,五险一金 周末双休 节假日福利,50-150人
506,前端开发,Web前端开发,前端开发工程师,上海碧蔓智能科技有限公司,1-2万/月,上海-闵行区,民营公司,2年经验,5,招1人,交通补贴 绩效奖金 年终奖金 员工旅游 五险一金 定期体检 专业培训 弹性工作 通讯补贴 高温补贴,少于50人
507,前端开发,Web前端开发,前端开发工程师,苏州图灵网络科技有限公司,0.7-1.4万/月,上海-浦东新区,民营公司,1年经验,6,招3人,五险一金 餐饮补贴 年终奖金 周末双休 弹性工作,少于50人
508,前端开发,Web前端开发,WebGL/three.js前端开发工程师,可丽尔医疗科技（常州）有限公司,1.2-2万/月,上海-嘉定区,民营公司,3-4年经验,5,招1人,带薪年假 节日福利 五险一金 绩效奖金 定期体检,50-150人
509,前端开发,Web前端开发,前端开发工程师,上海方能电力工程设备有限公司,1-1.5万/月,上海-闵行区,外资（欧美）,1年经验,6,招1人,五险一金 员工旅游 餐饮补贴 通讯补贴 定期体检 年终奖金 绩效奖金 弹性工作,150-500人
510,前端开发,Web前端开发,Web前端开发工程师,上海襄岳信息技术有限公司,1-2万/月,上海-黄浦区,民营公司,3-4年经验,6,招5人,员工旅游 年终奖金 绩效奖金 节假日福利 五险一金,150-500人
511,前端开发,Web前端开发,Web前端开发工程师,北京聘多多科技有限公司,1.5-2万/月,上海-浦东新区,民营公司,3-4年经验,5,招5人,,50-150人
512,前端开发,Web前端开发,Web前端开发工程师,北京思特奇信息技术股份有限公司上海分公司,0.8-1.8万/月,上海-浦东新区,上市公司,2年经验,6,招2人,,1000-5000人
513,前端开发,Web前端开发,中级前端开发工程师（世纪大道）,上海横申软件咨询有限公司,1.5-1.8万/月,上海,民营公司,3-4年经验,6,招1人,五险一金 员工旅游 年终奖金 定期体检 专业培训,50-150人
514,前端开发,Web前端开发,中级WEB前端工程师,上海铧盛计算机系统科技有限公司,1.2-1.8万/月,上海-闵行区,民营公司,3-4年经验,6,招2人,五险一金,少于50人
515,前端开发,Web前端开发,全栈前端工程师,上海靖戈智能科技有限公司,21-40万/年,上海-浦东新区,民营公司,3-4年经验,6,招1人,,50-150人
516,前端开发,Web前端开发,Web前端开发工程师,上海至数企业发展有限公司,1.5-2.5万/月,上海-徐汇区,民营公司,3-4年经验,6,招1人,五险一金 专业培训 弹性工作 大牛带教,50-150人
517,前端开发,Web前端开发,web前端开发工程师,上海钱育信息科技有限公司,0.8-1万/月,上海-浦东新区,外资（非欧美）,3-4年经验,5,招4人,五险一金 交通补贴 餐饮补贴 专业培训 绩效奖金 年终奖金 弹性工作 带薪年假 做五休二 免费班车,少于50人
518,前端开发,Web前端开发,Web前端开发（上海）,上海悦高软件股份有限公司,0.6-1万/月,上海-黄浦区,上市公司,1年经验,6,招10人,五险一金 定期体检 带薪年假 周末双休 全勤奖,150-500人
519,前端开发,Web前端开发,Web前端开发工程师,上海瀛太信息科技有限公司,1-1.5万/月,上海,民营公司,2年经验,5,招1人,五险一金 绩效奖金 股票期权 餐饮补贴 交通补贴 年终奖金 通讯补贴,少于50人
520,前端开发,Web前端开发,前端开发工程师,彩付（上海）智能科技有限公司,1-1.5万/月,上海-普陀区,民营公司,3-4年经验,6,招1人,,少于50人
521,前端开发,Web前端开发,FOTA-云端软件工程师,畅索软件科技（上海）有限公司,2-2.5万/月,上海,上市公司,5-7年经验,6,招若干人,,1000-5000人
522,前端开发,Web前端开发,前端开发工程师,亿达信息技术有限公司,0.9-2.1万/月,上海,民营公司,3-4年经验,6,招20人,交通补贴 专业培训 定期体检 餐饮补贴 六险一金 年终奖金 弹性工作 定期团建,5000-10000人
523,前端开发,Web前端开发,Web前端开发工程师,遍享信息技术（上海）有限公司,0.8-1.5万/月,上海-浦东新区,民营公司,2年经验,5,招若干人,,150-500人
524,前端开发,Web前端开发,前端开发工程师,致新医联（北京）智能科技有限公司,1.5-2.5万/月,上海-长宁区,民营公司,3-4年经验,6,招3人,五险一金 餐饮补贴 专业培训 绩效奖金,50-150人
525,前端开发,Web前端开发,c#软件开发工程师,上海奉行信息技术有限公司,1-1.5万/月,上海-浦东新区,民营公司,1年经验,5,招1人,,少于50人
526,前端开发,Web前端开发,Web前端开发工程师,上海纳诺商务咨询有限公司,1-2万/月,上海-松江区,民营公司,3-4年经验,5,招2人,,50-150人
527,前端开发,Web前端开发,Web前端开发工程师（驻场开发）,寒拾（苏州）智能数字科技有限公司,1.2-2万/月,上海-嘉定区,民营公司,3-4年经验,5,招3人,五险一金 员工旅游 年终奖金 弹性工作 股票期权,少于50人
528,前端开发,Web前端开发,React前端开发工程师,上海众意信息科技有限公司,1.5-2万/月,上海-静安区,民营公司,3-4年经验,5,招9人,五险一金 餐饮补贴 员工旅游 交通补贴 年终奖金,50-150人
529,前端开发,Web前端开发,Web前端开发工程师,上海理泊软件科技有限公司,6-8千/月,上海-宝山区,民营公司,1年经验,5,招若干人,员工旅游 绩效奖金 年终奖金 五险一金,50-150人
530,前端开发,Web前端开发,前端开发工程师,上海智盟网络科技有限公司,1-2万/月,上海-浦东新区,民营公司,3-4年经验,5,招若干人,,少于50人
531,前端开发,Web前端开发,前端工程师,伺动营销科技(上海)有限公司,15-20万/年,上海-静安区,外资（非欧美）,3-4年经验,6,招1人,五险一金 员工旅游 定期体检 年终奖金 优于法定年假,50-150人
532,前端开发,Web前端开发,Web前端开发工程师,上海西井信息科技有限公司,1.5-2.5万/月,上海-长宁区,民营公司,3-4年经验,6,招若干人,,150-500人
533,前端开发,Web前端开发,Angular高级软件工程师,恩富软件（中国）有限公司,2-2.5万/月,上海-黄浦区,外资（欧美）,5-7年经验,6,招若干人,五险一金 补充医疗保险 餐饮补贴 专业培训 出国机会 弹性工作 定期体检,150-500人
534,前端开发,Web前端开发,Web前端开发工程师,上海容智信息技术有限公司,1.2-1.8万/月,上海-黄浦区,民营公司,3-4年经验,5,招若干人,五险一金 年终奖金 绩效奖金 免费咖啡茶饮 股票期权 节日福利 不定期团建 晋升空间 员工旅游,150-500人
535,前端开发,Web前端开发,高级前端开发工程师,递易（上海）智能科技有限公司,1.2-2万/月,上海-徐汇区,合资,3-4年经验,5,招1人,五险一金 年终奖金 餐饮补贴 员工旅游,150-500人
536,前端开发,Web前端开发,Web前端开发工程师,上海魔拾科技有限公司,0.8-1.5万/月,上海-普陀区,民营公司,2年经验,6,招若干人,五险一金 餐饮补贴 交通补贴 弹性工作 员工旅游 绩效奖金 年终奖金,少于50人
537,前端开发,Web前端开发,前端开发工程师,深圳索信达数据技术有限公司,1.5-2.5万/月,上海-徐汇区,外资（非欧美）,3-4年经验,6,招1人,,500-1000人
538,前端开发,Web前端开发,Web前端开发工程师,上海云深网络技术有限公司,0.9-1.4万/月,上海-浦东新区,民营公司,1年经验,6,招3人,五险一金 员工旅游 餐饮补贴 通讯补贴 弹性工作 年终奖金,50-150人
539,前端开发,Web前端开发,Web前端开发工程师,上海锐赢信息技术有限公司,1.5-2万/月,上海-浦东新区,民营公司,5-7年经验,5,招若干人,五险一金 通讯补贴 专业培训 年终奖金 绩效奖金,150-500人
540,前端开发,Web前端开发,前端开发工程师,高弗特科技股份（上海）有限公司,1.5-2.5万/月,上海-闵行区,民营公司,5-7年经验,6,招若干人,餐饮补贴 五险一金 自驾车车贴,150-500人
541,前端开发,Web前端开发,前端开发工程师组长,上海鸿翼软件技术股份有限公司,1.2-1.5万/月,上海-浦东新区,民营公司,3-4年经验,6,招若干人,,150-500人
542,前端开发,Web前端开发,Web前端开发工程师,上海蜂雀网络科技有限公司,1.5-2.5万/月,上海-闵行区,民营公司,3-4年经验,5,招4人,五险一金 员工旅游 交通补贴 专业培训 绩效奖金 年终奖金 弹性工作,50-150人
543,前端开发,Web前端开发,Web前端开发工程师,象无形（上海）信息科技有限公司,1-2万/月,上海-徐汇区,民营公司,3-4年经验,6,招3人,五险一金 弹性工作 周末双休 朝九晚六 补充医疗保险 餐饮补贴 定期体检 员工旅游 年终奖金 股票期权,50-150人
544,前端开发,Web前端开发,前端专家,上海聚水潭网络科技有限公司,3-4万/月,上海-闵行区,民营公司,8-9年经验,5,招1人,五险一金 员工旅游 弹性工作 专业培训 餐饮补贴 定期体检 超长春节假期 节日福利 不定期团建,1000-5000人
545,前端开发,Web前端开发,前端开发工程师,兴审信息科技（上海）有限公司,0.8-1.5万/月,上海-浦东新区,民营公司,2年经验,5,招2人,交通补贴 年终奖金 员工旅游 五险一金,50-150人
546,前端开发,Web前端开发,前端开发工程师,上海中汇亿达金融信息技术有限公司,17-21万/年,上海-浦东新区,合资,3-4年经验,6,招2人,周末双休 带薪年假 五险一金 交通补贴 餐饮补贴 补充医疗保险 补充公积金 通讯补贴 绩效奖金 食堂,150-500人
547,前端开发,Web前端开发,前端研发工程师,卫宁健康科技集团股份有限公司,1.2-2万/月,上海-静安区,上市公司,5-7年经验,6,招10人,通讯补贴 节日福利 五险一金 专业培训 带薪年假 绩效奖金,1000-5000人
548,前端开发,Web前端开发,Web前端开发工程师,北京商联达科技有限公司上海分公司,0.8-1.2万/月,上海-闵行区,民营公司,1年经验,6,招若干人,五险一金,50-150人
549,前端开发,Web前端开发,Web前端开发工程师,上海融达信息科技有限公司,1-1.5万/月,上海,民营公司,3-4年经验,6,招1人,五险一金 通讯补贴 年终奖金 绩效奖金 专业培训,150-500人
550,前端开发,Web前端开发,高级前端开发工程师,上海知汇云信息技术股份有限公司,0.8-1.2万/月,上海-浦东新区,民营公司,2年经验,6,招2人,五险一金 员工旅游 绩效奖金 年终奖金 定期体检,50-150人
551,前端开发,Web前端开发,Web前端开发工程师,南京思后行信息技术有限公司,0.6-1.6万/月,上海-普陀区,民营公司,5-7年经验,5,招2人,五险一金 绩效奖金 年终奖金 弹性工作,少于50人
552,前端开发,Web前端开发,Vue前端开发架构工程师,上海璟沐信息科技有限公司,1-1.5万/月,上海-徐汇区,民营公司,3-4年经验,6,招1人,五险一金 员工旅游 专业培训 年终奖金 定期体检,少于50人
553,前端开发,Web前端开发,前端开发工程师,北京护航科技股份有限公司,1.7-1.8万/月,上海-徐汇区,民营公司,5-7年经验,5,招1人,五险一金 年终奖金 绩效奖金 通讯补贴 带薪年假,500-1000人
554,前端开发,Web前端开发,前端工程师(小程序/vue),北京微聚万家科技有限公司,0.8-1.5万/月,上海-闵行区,合资,3-4年经验,5,招若干人,五险一金 员工旅游 交通补贴 餐饮补贴 通讯补贴 年终奖金 弹性工作,150-500人
555,前端开发,Web前端开发,前端开发工程师,上海佳克计算机软件股份有限公司,1-1.5万/月,上海-静安区,民营公司,2年经验,5,招2人,做五休二 周末双休 带薪年假 五险一金 高温补贴 餐饮补贴 绩效奖金,50-150人
556,前端开发,Web前端开发,Web前端开发工程师,上海飞未信息技术有限公司,1-2万/月,上海-徐汇区,民营公司,3-4年经验,6,招5人,,50-150人
557,前端开发,Web前端开发,前端开发工程师（React）,上海亚太神通计算机有限公司,1.5-2万/月,上海-浦东新区,民营公司,3-4年经验,6,招1人,五险一金 员工旅游 餐饮补贴 绩效奖金 定期体检,50-150人
558,前端开发,Web前端开发,前端开发技术专家,广联达,2.5-3万/月,上海-闵行区,上市公司,5-7年经验,6,招2人,,5000-10000人
559,前端开发,Web前端开发,Web前端开发工程师,上海游盾网络科技有限公司,1.5-2.5万/月,上海-普陀区,民营公司,2年经验,6,招2人,五险一金 员工旅游 餐饮补贴 年终奖金 节日福利,少于50人
560,前端开发,Web前端开发,前端工程师,易生支付有限公司,1-1.5万/月,上海-浦东新区,合资,2年经验,5,招1人,五险一金 补充医疗保险 绩效奖金 带薪年假 周末双休 专业培训 定期体检,500-1000人
561,前端开发,Web前端开发,前端开发工程师 (MJ000325),上海图趣信息科技有限公司（Wayz.ai）,1.5-3万/月,上海-浦东新区,民营公司,3-4年经验,6,招1人,,150-500人
562,前端开发,Web前端开发,前端开发工程师,上海易路软件有限公司,1.5-2.5万/月,上海-闵行区,民营公司,3-4年经验,6,招3人,大牛带队 准独角兽企业 租房补贴 餐饮补贴 交通补贴 弹性工作 带薪年假 年终奖金 定期体检,150-500人
563,前端开发,Web前端开发,Vue前端开发工程师,黑龙江惠达科技发展有限公司,1-2万/月,上海-青浦区,民营公司,3-4年经验,6,招2人,五险一金 餐饮补贴 弹性工作 定期体检 通讯补贴 专业培训 绩效奖金 年终奖金 股票期权 交通补贴,150-500人
564,前端开发,Web前端开发,Web前端开发工程师,泰瑞数创科技（北京）有限公司,1-1.5万/月,上海-青浦区,民营公司,2年经验,6,招2人,五险一金 专业培训 绩效奖金 年终奖金 弹性工作 定期体检,150-500人
565,前端开发,Web前端开发,前端开发工程师（互联网）,蓝想大数据科技（上海）有限公司,1-1.8万/月,上海-浦东新区,民营公司,3-4年经验,6,招2人,节日福利 绩效激励 五险一金 年终奖金,少于50人
566,前端开发,Web前端开发,前端网络工程师,上海里德软件科技有限公司,1-1.5万/月,上海-静安区,民营公司,3-4年经验,,招1人,五险一金 绩效奖金 弹性工作,少于50人
567,前端开发,Web前端开发,Web前端开发工程师,上海维宏电子科技股份有限公司,0.6-1.5万/月,上海-奉贤区,上市公司,1年经验,6,招1人,五险一金 员工旅游 餐饮补贴 绩效奖金 年终奖金,500-1000人
568,前端开发,Web前端开发,前端开发工程师,上海埃林哲软件系统股份有限公司,1.5-2.5万/月,上海-青浦区,上市公司,3-4年经验,6,招3人,,150-500人
569,前端开发,Web前端开发,VUE前端工程师,上海兰台信息技术有限公司,1.3-1.8万/月,上海-普陀区,民营公司,3-4年经验,6,招2人,五险一金 绩效奖金 员工旅游 定期体检,50-150人
570,前端开发,Web前端开发,WEB前端开发工程师,上海明运信息科技有限公司,1-1.5万/月,上海-浦东新区,民营公司,3-4年经验,6,招1人,五险一金 年终奖金 定期体检 通讯补贴 交通补贴 带薪年假 带薪病假 节日津贴 高温补贴 年底双薪,50-150人
571,前端开发,Web前端开发,Web前端开发工程师,上海古猿科技有限公司,1.5-2万/月,上海-嘉定区,创业公司,2年经验,5,招2人,,少于50人
572,前端开发,Web前端开发,Web前端开发工程师,江阴市传澄电子商务有限公司,1.5-1.8万/月,上海-普陀区,合资,1年经验,5,招1人,,50-150人
573,前端开发,Web前端开发,高级前端工程师,上海承讯文化传播有限公司,3-4万/月,上海,民营公司,3-4年经验,6,招若干人,,
574,前端开发,Web前端开发,Web前端开发工程师,上海承帮网络科技有限公司,0.8-1.1万/月,上海-闵行区,民营公司,1年经验,6,招1人,五险一金 交通补贴 餐饮补贴 年终奖金 弹性工作,少于50人
575,前端开发,Web前端开发,前端开发工程师,携程旅行网金融事业部,2-3万/月,上海-长宁区,民营公司,3-4年经验,6,招2人,五险一金 年终奖金 餐饮补贴 带薪年假 员工旅游 定期体检 专业培训,10000人以上
576,前端开发,Web前端开发,前端开发-中台-网易外包,汉堂软件工程（上海）有限公司,1.5-2.5万/月,上海-青浦区,民营公司,3-4年经验,6,招若干人,周末双休 五险一金 弹性工作 年终奖金,150-500人
577,前端开发,Web前端开发,前端软件工程师,上海旋极信息技术有限公司,1.2-2万/月,上海-徐汇区,民营公司,1年经验,6,招若干人,五险一金 定期体检 弹性工作 股票期权 员工旅游 绩效奖金,50-150人
578,前端开发,Web前端开发,前端开发工程师,上海停时大数据科技有限公司,2.5-3万/月,上海-长宁区,民营公司,5-7年经验,5,招2人,五险一金 年终奖金 弹性工作 大牛领队,少于50人
579,前端开发,Web前端开发,Web前端开发工程师,上海大漠电子科技股份有限公司,0.8-1.5万/月,上海-闵行区,民营公司,1年经验,6,招若干人,五险一金 餐饮补贴 员工旅游 专业培训,50-150人
580,前端开发,Web前端开发,前端开发10K-18K,上海兼达信息技术服务有限公司,1-1.8万/月,上海-浦东新区,民营公司,3-4年经验,5,招3人,,50-150人
581,前端开发,Web前端开发,前端开发工程师,中能源工程集团（上海）科技股份有限公司,1.5-2万/月,上海-宝山区,民营公司,3-4年经验,5,招2人,做五休二 带薪年假 五险一金 包吃 绩效奖金 节日福利 交通补贴 餐饮补贴 通讯补贴 周末双休,
582,前端开发,Web前端开发,高级前端开发工程师,鉴真防务技术（上海）有限公司,1.2-1.5万/月,上海-宝山区,民营公司,3-4年经验,6,招1人,周末双休 五险一金 电脑补贴 工龄津贴 节日福利,50-150人
583,前端开发,Web前端开发,Web前端开发工程师,上海功途教育科技股份有限公司,1-1.2万/月,上海-浦东新区,民营公司,2年经验,6,招3人,五险一金 交通补贴 餐饮补贴 通讯补贴 专业培训 年终奖金 定期体检 节日福利,少于50人
584,前端开发,Web前端开发,Web前端开发工程师,永钥（上海）信息科技有限公司,1.5-2.5万/月,上海-静安区,民营公司,3-4年经验,6,招若干人,弹性工作 绩效奖金 年终奖金,少于50人
585,前端开发,Web前端开发,Web前端开发工程师,上海北汇信息科技有限公司,1.4-1.8万/月,上海-闵行区,民营公司,3-4年经验,6,招2人,五险一金 员工旅游 绩效奖金 年终奖金 弹性工作 餐饮补贴 定期体检,150-500人
586,前端开发,Web前端开发,Web前端开发工程师,上海宽文是风软件有限公司,1.5-2万/月,上海-嘉定区,民营公司,5-7年经验,5,招6人,五险一金 员工旅游 交通补贴 餐饮补贴 绩效奖金 年终奖金 定期体检,150-500人
587,前端开发,Web前端开发,高级前端开发工程师,格尔软件股份有限公司,1.5-2.5万/月,上海-静安区,上市公司,5-7年经验,5,招若干人,五险一金 专业培训 定期体检 员工旅游,500-1000人
588,前端开发,Web前端开发,Web前端开发工程师,迪爱斯信息技术股份有限公司,0.6-1.5万/月,上海-徐汇区,国企,2年经验,6,招若干人,补充医疗保险 五险一金 定期体检 绩效奖金 专业培训 年终奖金 补充公积金,500-1000人
589,前端开发,Web前端开发,初级前端开发工程师,上海玳鸽信息技术有限公司,0.8-1万/月,上海-杨浦区,民营公司,1年经验,6,招1人,五险一金 年终奖金 绩效奖金,50-150人
590,前端开发,Web前端开发,Web前端开发工程师,深圳极联信息技术股份有限公司,1.4-1.8万/月,上海-徐汇区,民营公司,3-4年经验,5,招若干人,五险一金 员工旅游 交通补贴 餐饮补贴 通讯补贴 年终奖金 弹性工作 定期体检,500-1000人
591,前端开发,Web前端开发,前端开发工程师,维书信息科技（上海）有限公司,1.2-1.8万/月,上海-浦东新区,民营公司,3-4年经验,5,招1人,五险一金 年终奖金 绩效奖金 专业培训 补充保险,50-150人
592,前端开发,Web前端开发,Web前端开发工程师,上海讯霖信息科技有限公司,0.8-1.6万/月,上海-松江区,民营公司,5-7年经验,5,招1人,,50-150人
593,前端开发,Web前端开发,web前端工程师,上海埃帕无线通信科技有限公司,0.8-1.2万/月,上海-普陀区,民营公司,1年经验,5,招3人,,50-150人
594,前端开发,Web前端开发,Web前端开发工程师,上海傲义电子科技有限公司,6-8千/月,上海-青浦区,民营公司,1年经验,6,招1人,,50-150人
595,前端开发,Web前端开发,前端工程师,上海七通智能科技股份有限公司,1.2-2.2万/月,上海-浦东新区,上市公司,3-4年经验,5,招1人,五险一金 员工旅游 交通补贴 餐饮补贴 通讯补贴 专业培训 绩效奖金,150-500人
596,前端开发,Web前端开发,Web开发工程师,天津恩恩科技有限公司,1.2-1.6万/月,上海-徐汇区,外资（欧美）,3-4年经验,6,招若干人,五险一金 餐饮补贴 弹性工作 补充医疗保险 通讯补贴,500-1000人
597,前端开发,Web前端开发,前端开发工程师h5,山东友鸣信息科技有限公司,1-1.2万/月,上海-闵行区,外资（欧美）,2年经验,5,招3人,,
598,前端开发,Web前端开发,前端开发工程师,上海兀忧网络科技有限公司,1.5-2万/月,上海,民营公司,3-4年经验,6,招3人,,50-150人
599,前端开发,Web前端开发,Web前端开发工程师,上海邦定智慧科技有限公司,1.5-2.5万/月,上海-浦东新区,民营公司,3-4年经验,6,招1人,,少于50人
600,前端开发,Web前端开发,前端开发工程师 2020271,富士康工业互联网股份有限公司,19.5-35.1万/年,上海-松江区,外资（非欧美）,2年经验,6,招10人,五险一金 免费班车 专业培训 绩效奖金 年终奖金 定期体检,10000人以上
601,前端开发,Web前端开发,前端开发工程师(移动端方向）,上海砖石信息科技有限公司,0.8-1万/月,上海-普陀区,民营公司,2年经验,5,招2人,五险一金 员工旅游 年终奖金 周末双休 节日福利 生日福利 带薪年假,少于50人
602,前端开发,Web前端开发,软件工程师,上海双兆信息科技有限公司,0.5-1万/月,上海-浦东新区,民营公司,2年经验,5,招2人,五险一金 交通补贴 年终奖金 定期体检 员工旅游,50-150人
603,前端开发,Web前端开发,高级前端开发工程师,上海万位数字技术有限公司,1.5-2.5万/月,上海-宝山区,民营公司,3-4年经验,6,招1人,,150-500人
604,前端开发,Web前端开发,web前端开发,江苏超正科技有限公司,1.5-2万/月,上海-浦东新区,民营公司,3-4年经验,6,招1人,,150-500人
605,前端开发,Web前端开发,前端开发工程师,上海治熵信息科技有限公司,1-1.5万/月,上海-浦东新区,民营公司,2年经验,6,招5人,年终奖金 绩效奖金 弹性工作 五险一金,少于50人
606,前端开发,Web前端开发,交银前端开发工程师,郑州圣斗士网络科技有限公司,1.2-2.5万/月,上海,民营公司,无需经验,6,招5人,,50-150人
607,前端开发,Web前端开发,Web前端开发工程师,上海紫鸾网络科技有限公司,1-1.5万/月,上海-浦东新区,创业公司,2年经验,6,招1人,五险一金 绩效奖金 年终奖金 弹性工作,少于50人
608,前端开发,Web前端开发,Web前端开发工程师,上海琢本网络科技有限公司,1-1.5万/月,上海-长宁区,民营公司,2年经验,5,招2人,五险一金 员工旅游 定期体检 股票期权 绩效奖金 年终奖金,少于50人
609,前端开发,Web前端开发,前端开发工程师,上海瑞谷拜特软件技术有限公司,1.4-2万/月,上海-浦东新区,民营公司,3-4年经验,6,招1人,五险一金 餐饮补贴 绩效奖金 年终奖金 定期体检 专业培训 带薪年假 节日福利 周末双休,150-500人
610,前端开发,Web前端开发,Web前端开发工程师,上海岱嘉医学信息系统有限公司,1-1.8万/月,上海-长宁区,外资（欧美）,3-4年经验,6,招2人,五险一金 员工旅游 通讯补贴 专业培训 年终奖金 弹性工作 定期体检,150-500人
611,前端开发,Web前端开发,前端开发工程师,上海闪闪信息科技有限公司,1.5-2万/月,上海-闵行区,民营公司,3-4年经验,6,招2人,,50-150人
612,前端开发,Web前端开发,Web前端开发工程师,上海墨智网络科技有限公司,0.7-1.2万/月,上海-普陀区,民营公司,2年经验,5,招3人,五险一金 员工旅游 年终奖金 绩效奖金 带薪年假 节日福利,少于50人
613,前端开发,Web前端开发,网页前端工程师,上海安凌信息技术有限公司,10-15万/年,上海-浦东新区,民营公司,2年经验,5,招若干人,周末双休 带薪年假 五险一金 绩效奖金 专业培训 节日福利 餐饮补贴 交通补贴 住房补贴 通讯补贴,50-150人
614,前端开发,Web前端开发,高级前端开发工程师,上海银基信息安全技术股份有限公司,2-3万/月,上海-浦东新区,民营公司,5-7年经验,6,招1人,五险一金 绩效奖金 年终奖金 节日福利 定期体检 专业培训 弹性工作,150-500人
615,前端开发,Web前端开发,Web前端开发工程师（中高级）,上海数展文化创意有限公司,1-2.2万/月,上海-闵行区,民营公司,3-4年经验,5,招7人,五险一金 专业培训 绩效奖金 年终奖金,50-150人
616,前端开发,Web前端开发,前端开发工程师,中亘兰谷安全科技（上海）有限公司,10-15万/年,上海-闵行区,民营公司,2年经验,5,招1人,五险一金 员工旅游 绩效奖金 年终奖金 做五休二,50-150人
617,前端开发,Web前端开发,500强外企-对日web前端开发工程师-新项目,大连隆基信息技术有限公司,1.5-2.5万/月,上海-浦东新区,外资（非欧美）,3-4年经验,5,招5人,五险一金 补充医疗保险 年终奖金 定期体检 出国机会 员工旅游 专业培训 通讯补贴 餐饮补贴 交通补贴,150-500人
618,前端开发,Web前端开发,WEB前端开发工程师,上海数果科技有限公司,1.2-1.8万/月,上海-青浦区,民营公司,2年经验,6,招1人,五险一金 员工旅游 交通补贴 餐饮补贴 通讯补贴 专业培训 绩效奖金 年终奖金 弹性工作 股票期权,50-150人
619,前端开发,Web前端开发,Web前端开发工程师,上海九物科技有限公司,2-3万/月,上海-闵行区,民营公司,5-7年经验,5,招1人,五险一金 员工旅游 股票期权 年终奖金 绩效奖金 定期体检,少于50人
620,前端开发,Web前端开发,Web前端开发工程师,上海同陆云交通科技有限公司,1-1.5万/月,上海-嘉定区,民营公司,2年经验,6,招1人,五险一金 员工旅游 交通补贴 餐饮补贴 通讯补贴 专业培训 绩效奖金 年终奖金 定期体检,少于50人
621,前端开发,Web前端开发,Web前端开发工程师,上海星铂软件技术有限公司,1-1.5万/月,上海-闵行区,民营公司,3-4年经验,6,招3人,五险一金 餐饮补贴 年终奖金 绩效奖金,少于50人
622,前端开发,Web前端开发,web前端开发工程师,上海众哲计算机科技有限公司,1-1.5万/月,上海-浦东新区,民营公司,3-4年经验,6,招若干人,五险一金 交通补贴 餐饮补贴 年终奖金,少于50人
623,前端开发,Web前端开发,Web前端开发工程师,上海皋城软件有限公司,0.8-1.2万/月,上海-闵行区,民营公司,1年经验,5,招若干人,,少于50人
624,前端开发,Web前端开发,WEB前端开发,上海大域信息科技有限公司,1-1.5万/月,上海-闵行区,民营公司,3-4年经验,5,招若干人,餐饮补贴 五险一金,50-150人
625,前端开发,Web前端开发,web前端工程师,上海达联电子科技有限公司,1.5-2.2万/月,上海-普陀区,民营公司,3-4年经验,5,招1人,五险一金 员工旅游 专业培训 绩效奖金 年终奖金,50-150人
626,前端开发,Web前端开发,高级前端工程师,上海速擎软件有限公司,0.8-1.3万/月,上海,民营公司,2年经验,6,招1人,五险一金 员工旅游 专业培训 绩效奖金,150-500人
627,前端开发,Web前端开发,Web前端开发工程师,中科创达软件股份有限公司,1.1-1.8万/月,上海-浦东新区,上市公司,3-4年经验,5,招3人,五险一金 补充公积金 弹性工作 定期体检,5000-10000人
628,前端开发,Web前端开发,前端开发工程师,上海时代天使医疗器械有限公司,1.5-2.5万/月,上海-杨浦区,合资,3-4年经验,6,招若干人,五险一金 补充医疗保险 交通补贴 年终奖金 带薪年假 包吃 周末双休,1000-5000人
629,前端开发,Web前端开发,前端开发工程师,上海联空网络科技有限公司,1.5-2.5万/月,上海-浦东新区,民营公司,3-4年经验,6,招1人,五险一金 员工旅游 餐饮补贴 弹性工作,50-150人
630,前端开发,Web前端开发,前端开发中高级 R,同方鼎欣科技股份有限公司,1.6-2.5万/月,上海-浦东新区,上市公司,3-4年经验,5,招若干人,,1000-5000人
631,前端开发,Web前端开发,前端开发工程师,上海迈志信息科技有限公司,1.5-2万/月,上海-黄浦区,民营公司,3-4年经验,5,招若干人,五险一金 员工旅游 绩效奖金 年终奖金 定期体检,50-150人
632,前端开发,Web前端开发,前端开发工程师,上海东浩兰生信息科技有限公司,10-15万/年,上海-黄浦区,国企,2年经验,6,招2人,五险一金 补充医疗保险 交通补贴 餐饮补贴 通讯补贴 专业培训 绩效奖金 定期体检,50-150人
633,前端开发,Web前端开发,Web前端开发工程师,上海海魄信息科技股份有限公司,1-1.5万/月,上海-长宁区,民营公司,3-4年经验,5,招1人,,50-150人
634,前端开发,Web前端开发,资深后端负责人,丹华水利环境技术（上海）有限公司,1-2万/月,上海-徐汇区,外资（欧美）,5-7年经验,6,招若干人,五险一金 员工旅游 通讯补贴 年终奖金 定期体检,50-150人
635,前端开发,Web前端开发,前端开发工程师,上海金仕达卫宁软件科技有限公司,1.2-1.5万/月,上海-静安区,合资,3-4年经验,5,招若干人,五险一金 定期体检 通讯补贴 绩效奖金 交通补贴 专业培训,150-500人
636,前端开发,Web前端开发,Web前端开发工程师,上海东方怡动信息技术有限公司,1-2万/月,上海-浦东新区,国企,2年经验,6,招5人,五险一金 弹性工作 补充医疗保险 定期体检 员工旅游,50-150人
637,前端开发,Web前端开发,前端开发工程师（上海）,招银云创信息技术有限公司,1-1.5万/月,上海-浦东新区,民营公司,3-4年经验,6,招2人,,500-1000人
638,前端开发,Web前端开发,前端开发工程师（长期出差）,上海因致信息科技有限公司,0.8-1.5万/月,上海-浦东新区,民营公司,2年经验,5,招1人,五险一金 餐饮补贴 定期体检 员工旅游 交通补贴,少于50人
639,前端开发,Web前端开发,python 数据工程师,上海熠朗信息科技有限公司,1-1.5万/月,上海-闵行区,民营公司,2年经验,6,招2人,五险一金 员工旅游 专业培训 绩效奖金 弹性工作 年终奖金,少于50人
640,前端开发,Web前端开发,Web前端开发工程师,上海农业信息有限公司,1.2-2万/月,上海-普陀区,民营公司,2年经验,6,招1人,做五休二 五险一金 餐饮补贴 节日福利 绩效奖金 周末双休 带薪年假,150-500人
641,前端开发,Web前端开发,边缘计算前端工程师,上海鸿游信息技术有限公司,1.4-2万/月,上海-静安区,民营公司,3-4年经验,6,招若干人,五险一金 员工旅游 通讯补贴 绩效奖金 年终奖金 定期体检 商业保险,少于50人
642,前端开发,Web前端开发,云计算前端WEB开发工程师,上海冠闵信息科技有限公司,0.7-1万/月,上海-杨浦区,民营公司,1年经验,6,招1人,,少于50人
643,前端开发,Web前端开发,前端开发工程师,上海朋禾智能科技有限公司,1.5-2万/月,上海-浦东新区,民营公司,2年经验,6,招1人,五险一金 员工旅游 年终奖金 弹性工作 定期体检,少于50人
644,前端开发,Web前端开发,前端开发工程师,上海宝申数字科技有限公司,2-2.5万/月,上海-闵行区,合资,3-4年经验,6,招若干人,五险一金 年终奖金 定期体检 员工下午茶,50-150人
645,前端开发,Web前端开发,前端工程师(J11493),上海汉得信息技术股份有限公司,1-1.5万/月,上海,上市公司,1年经验,5,招4人,五险一金 补充医疗保险 员工旅游 专业培训 年终奖金 弹性工作 餐饮补贴 定期体检,10000人以上
646,前端开发,Web前端开发,前端开发工程师(J10004),益盟股份有限公司,2-4万/月,上海-杨浦区,上市公司,5-7年经验,6,招2人,,1000-5000人
647,前端开发,Web前端开发,Web前端开发工程师,联合永道（上海）信息技术有限公司,1-1.5万/月,上海-浦东新区,民营公司,2年经验,5,招1人,五险一金 带薪年假 周末双休 餐饮补贴,500-1000人
648,前端开发,Web前端开发,VUE前端开发,上海陟明信息技术有限责任公司,1.1-1.6万/月,上海-徐汇区,民营公司,3-4年经验,5,招3人,,150-500人
649,前端开发,Web前端开发,前端开发工程师（OTA云应用）,武汉英卡科技有限公司,1.2-2万/月,上海-嘉定区,民营公司,3-4年经验,6,招若干人,五险一金 弹性工作 补充医疗保险 绩效奖金 专业培训,50-150人
650,前端开发,Web前端开发,Web前端开发工程师,深圳市拓保软件有限公司,1.5-2万/月,上海-徐汇区,民营公司,5-7年经验,5,招若干人,五险一金 员工旅游 年终奖金,500-1000人
651,前端开发,Web前端开发,Web前端开发工程师,上海君睿信息技术有限公司,0.8-1.5万/月,上海-浦东新区,民营公司,2年经验,6,招若干人,五险一金 年终奖金 定期体检 通讯补贴 绩效奖金 交通补贴 餐饮补贴,50-150人
652,前端开发,Web前端开发,前端开发工程师,上海中安电子信息科技有限公司,1.5-2万/月,上海-徐汇区,民营公司,3-4年经验,5,招若干人,五险一金 员工旅游 餐饮补贴 专业培训 年终奖金 弹性工作,50-150人
653,前端开发,Web前端开发,vue前端工程师,上海聚数信息科技有限公司,1.3-2万/月,上海-普陀区,民营公司,3-4年经验,6,招2人,专业培训 股票期权 补充医疗保险 补充公积金 免费班车 餐饮补贴 出国机会,少于50人
654,前端开发,Web前端开发,前端开发工程师,上海悠络客电子科技股份有限公司,1.5-2万/月,上海-徐汇区,合资,3-4年经验,6,招1人,五险一金 交通补贴 餐饮补贴 绩效奖金 年终奖金 定期体检,150-500人
655,前端开发,Web前端开发,WEB前端工程师,上海振旗网络科技有限公司,0.8-1.5万/月,上海,民营公司,2年经验,5,招若干人,,50-150人
656,前端开发,Web前端开发,招聘PHP全栈,深圳市三富光电科技有限公司,0.7-1.2万/月,上海-浦东新区,民营公司,1年经验,5,招5人,做五休二 周末双休 绩效奖金 餐饮补贴 交通补贴 住房补贴 通讯补贴 高温补贴 专业培训,少于50人
657,前端开发,Web前端开发,Web前端开发工程师(React),上海乐言科技股份有限公司,2-4万/月,上海-长宁区,民营公司,5-7年经验,6,招若干人,年度旅游 公司氛围好 免费零食 五险一金 补充医疗保险 员工旅游 弹性工作 交通补贴,1000-5000人
658,前端开发,Web前端开发,Web前端开发工程师（外包）,上海鸿联九五信息技术有限公司,1-1.5万/月,上海-浦东新区,国企,2年经验,6,招若干人,五险一金 带薪年假 餐饮补贴 定期体检,50-150人
659,前端开发,Web前端开发,Web前端开发工程师,华宇万户医疗科技（上海）有限公司,1-1.5万/月,上海-长宁区,上市公司,2年经验,5,招5人,五险一金 交通补贴 餐饮补贴 通讯补贴 专业培训 弹性工作 股票期权 年终奖金,150-500人
660,前端开发,Web前端开发,前端开发工程师[南京],上海迅仿工程技术有限公司,0.7-2万/月,上海-嘉定区,民营公司,2年经验,6,招2人,五险一金 绩效奖金 定期体检 定期团险 交通补贴 周末双休 带薪年假 年底双薪,少于50人
661,前端开发,Web前端开发,前端开发工程师,安吉智能物联技术有限公司,1-3万/月,上海-杨浦区,国企,5-7年经验,6,招1人,定期体检 餐饮补贴 五险一金 专业培训 出国机会 年终奖金 世界500强 上汽集团 补充商业保险,150-500人
662,前端开发,Web前端开发,前端工程师-数据中台 (MJ000454),深圳市赢时胜信息技术股份有限公司上海分公司,1.5-2.5万/月,上海-浦东新区,上市公司,3-4年经验,6,招1人,五险一金 绩效奖金 员工旅游 年终奖金,1000-5000人
663,前端开发,Web前端开发,前端开发工程师,上海宝金信息科技有限公司,1-1.5万/月,上海-浦东新区,民营公司,2年经验,6,招2人,五险一金 周末双休 做五休二 节日福利 免费班车,50-150人
664,前端开发,Web前端开发,ZS2251-React 前端开发工程师（多平台）,翼健（上海）信息科技有限公司,2.5-5万/月,上海-长宁区,民营公司,3-4年经验,6,招若干人,,50-150人
665,前端开发,Web前端开发,全栈工程师,上海新致晟欧软件技术有限公司,1-1.5万/月,上海-闵行区,民营公司,2年经验,6,招1人,,50-150人
666,前端开发,Web前端开发,前端开发工程师,北京国脉互联信息顾问有限公司,1-1.5万/月,上海-浦东新区,民营公司,3-4年经验,6,招4人,五险一金 销售提成 市场提成,150-500人
667,前端开发,Web前端开发,前端工程师,上海奇技电脑技术有限公司,0.7-1.2万/月,上海-徐汇区,外资（非欧美）,3-4年经验,5,招1人,五险一金 专业培训 弹性工作,50-150人
668,前端开发,Web前端开发,前端开发工程师,北京乐智才云信息科技有限公司,0.8-1万/月,异地招聘,民营公司,3-4年经验,6,招2人,五险一金 补充医疗保险 员工旅游 交通补贴 通讯补贴 绩效奖金 定期体检,50-150人
669,前端开发,Web前端开发,中级前端开发工程师,北京开科唯识技术股份有限公司,1.3-1.8万/月,上海-浦东新区,合资,3-4年经验,6,招2人,,1000-5000人
670,前端开发,Web前端开发,WEB开发工程师G00275,上海数慧系统技术有限公司,0.8-1.3万/月,上海,民营公司,无需经验,6,招1人,五险一金 交通补贴 餐饮补贴 通讯补贴 定期体检 餐补 带薪年假 补充医保 绩效奖金 节日福利,150-500人
671,前端开发,Web前端开发,前端开发工程师,北京故宫宫廷文化发展有限公司,1-1.8万/月,上海-静安区,民营公司,3-4年经验,5,招1人,,
672,前端开发,Web前端开发,前端开发工程师,上海交大慧谷信息产业股份有限公司,1.3-1.5万/月,上海-闵行区,上市公司,3-4年经验,6,招2人,五险一金 餐饮补贴 定期体检 高温补贴,150-500人
673,前端开发,Web前端开发,Web高级开发工程师,深圳力维智联技术有限公司,1.5-2.5万/月,上海-浦东新区,合资,3-4年经验,6,招1人,带薪年假 五险一金 绩效奖金 定期体检,1000-5000人
674,前端开发,Web前端开发,web前端开发工程师,深圳市德科信息技术有限公司,1.5-2万/月,上海-青浦区,民营公司,3-4年经验,6,招1人,五险一金 专业培训 年终奖金 绩效奖金 餐饮补贴,1000-5000人
675,前端开发,Web前端开发,Web前端开发工程师,上海拓云信息科技有限公司,1-2万/月,上海-浦东新区,民营公司,3-4年经验,6,招2人,,少于50人
676,前端开发,Web前端开发,前端开发工程师（移动端）,上海携宁计算机科技股份有限公司,1-1.5万/月,上海-徐汇区,上市公司,2年经验,6,招1人,五险一金 员工旅游 交通补贴 餐饮补贴 年终奖金 定期体检,500-1000人
677,前端开发,Web前端开发,前端开发工程师,宁波金唐软件有限公司,1-1.8万/月,上海-闵行区,民营公司,2年经验,6,招2人,五险一金 员工旅游 专业培训 绩效奖金 年终奖金 定期体检 节日补贴,150-500人
678,前端开发,Web前端开发,Web前端开发工程师,深圳市锐明技术股份有限公司,0.8-1万/月,上海-杨浦区,上市公司,2年经验,6,招若干人,,1000-5000人
679,前端开发,Web前端开发,前端开发工程师,上海悦泰网络科技股份有限公司,1-2万/月,上海-静安区,民营公司,3-4年经验,6,招1人,五险一金 绩效奖金,50-150人
680,前端开发,Web前端开发,前端工程师,上海智楹机器人科技有限公司,1.2-2万/月,上海-浦东新区,民营公司,3-4年经验,6,招1人,五险一金 节日福利 餐饮补贴 交通补贴 定期体检 年终奖金 高温补贴,少于50人
681,前端开发,Web前端开发,前端开发工程师（Scratch方向）,上海易教科技股份有限公司,1-1.8万/月,上海-徐汇区,民营公司,1年经验,6,招1人,五险一金 员工旅游 餐饮补贴 绩效奖金 年终奖金,150-500人
682,前端开发,Web前端开发,前端开发工程师（外派）,上海玉越信息技术有限公司,1.1-2.2万/月,上海-徐汇区,民营公司,5-7年经验,5,招若干人,,50-150人
683,前端开发,Web前端开发,中级前端工程师,上海大树投资控股集团有限公司,1.2-1.6万/月,上海-长宁区,民营公司,3-4年经验,5,招3人,五险一金 交通补贴 绩效奖金 年终奖金 定期体检 免费下午茶点,少于50人
684,前端开发,Web前端开发,前端开发工程师,上海德拓信息技术股份有限公司,0.9-1.4万/月,上海-徐汇区,合资,3-4年经验,5,招2人,五险一金 弹性工作 员工旅游 定期体检 带薪年假 节日福利 专业培训,500-1000人
685,前端开发,Web前端开发,Web前端开发工程师,上海网元电子商务有限公司,1-1.5万/月,上海-静安区,外资（欧美）,1年经验,6,招若干人,五险一金 绩效奖金 餐饮补贴 年终奖金,50-150人
686,前端开发,Web前端开发,Web前端开发工程师,南京烽兆科技有限公司,1-1.5万/月,上海-闵行区,民营公司,2年经验,5,招10人,,50-150人
687,前端开发,Web前端开发,前端开发工程师,上海宝宬冶金科技有限公司,1-1.5万/月,异地招聘,民营公司,3-4年经验,5,招5人,五险一金 绩效奖金 年终奖金 餐饮补贴 专业培训 员工旅游 定期体检,少于50人
688,前端开发,Web前端开发,Web前端开发工程师,苏州益发特科技有限公司,6-8千/月,上海-闵行区,民营公司,1年经验,6,招1人,五险一金 餐饮补贴 员工旅游 年终奖金 定期体检,150-500人
689,前端开发,Web前端开发,前端开发工程师,上海智赢健康科技有限公司,1-1.5万/月,上海-静安区,民营公司,3-4年经验,5,招1人,五险一金 免费班车 绩效奖金 年终奖金 交通补贴 餐饮补贴 通讯补贴 员工旅游,150-500人
690,前端开发,Web前端开发,Web前端开发工程师,熊猫智慧水务有限公司,0.8-1.3万/月,上海-青浦区,民营公司,2年经验,6,招若干人,五险一金 餐补 节日福利 双休 年终奖金 定期体检 调薪,150-500人
691,前端开发,Web前端开发,前端开发工程师,珠海市华盛达科技有限公司,1.1-1.8万/月,上海-浦东新区,民营公司,3-4年经验,6,招若干人,五险一金 补充医疗保险 绩效奖金 定期体检 年终奖金,150-500人
692,前端开发,Web前端开发,前端开发工程师,上海聚杰信息技术有限公司,1-1.5万/月,上海-浦东新区,民营公司,2年经验,6,招2人,周末双休 带薪年假 五险一金 节日福利,50-150人
693,前端开发,Web前端开发,前端开发工程师,上海数聚软件系统股份有限公司,1.1-2.5万/月,上海-徐汇区,民营公司,3-4年经验,6,招2人,,150-500人
694,前端开发,Web前端开发,Web前端开发工程师,上海竞动科技有限公司,1.5-2万/月,上海-浦东新区,民营公司,3-4年经验,5,招1人,五险一金 下午茶零食,50-150人
695,前端开发,Web前端开发,Web前端工程师,格蠹信息科技（上海）有限公司,6-8千/月,上海-闵行区,民营公司,2年经验,6,招2人,年终奖金,少于50人
696,前端开发,Web前端开发,Web前端开发工程师,上海散爆网络科技有限公司,1-1.5万/月,上海,民营公司,2年经验,6,招1人,五险一金 补充医疗保险 年终奖金 定期体检 员工旅游,150-500人
697,前端开发,Web前端开发,前端开发工程师,上海华腾软件系统有限公司,1.2-2.2万/月,上海-浦东新区,上市公司,3-4年经验,5,招若干人,五险一金 年终奖金 定期体检,500-1000人
698,前端开发,Web前端开发,前端开发工程师,浙江亿曜科技有限公司,1-1.5万/月,上海-浦东新区,民营公司,2年经验,5,招若干人,,
699,前端开发,Web前端开发,Web前端开发工程师,上海携银信息科技有限公司,1-2万/月,上海,民营公司,3-4年经验,6,招3人,五险一金 员工旅游 年终奖金 绩效奖金 弹性工作 专业培训,150-500人
700,前端开发,Web前端开发,Web前端开发工程师,上海淳南信息技术有限公司,1-1.5万/月,上海-浦东新区,民营公司,2年经验,5,招2人,周末双休 五险一金 年终奖金 团建 交通补贴,50-150人
701,前端开发,Web前端开发,前端开发工程师,上海舟恩信息技术有限公司,1.2-2万/月,上海-黄浦区,民营公司,3-4年经验,5,招5人,,150-500人
702,前端开发,Web前端开发,前端开发工程师,德州鲨云电子商务有限责任公司,1.5-2.5万/月,上海-浦东新区,民营公司,3-4年经验,6,招1人,五险一金 绩效奖金 年终奖金,少于50人
703,前端开发,Web前端开发,Web前端开发工程师,上海孚码信息技术有限公司,0.7-1.2万/月,上海-松江区,民营公司,1年经验,,招1人,五险一金 绩效奖金 股票期权,少于50人
704,前端开发,Web前端开发,前端开发工程师,深圳市鼎驰科技发展有限公司,1-1.5万/月,上海-黄浦区,民营公司,3-4年经验,6,招3人,五险一金 专业培训 年终奖金,150-500人
705,前端开发,Web前端开发,前端开发工程师,上海汇尼信息科技有限公司,0.8-1.5万/月,上海-闵行区,民营公司,1年经验,5,招2人,五险一金 员工旅游 年终奖金 绩效奖金 弹性工作 专业培训,50-150人
706,前端开发,Web前端开发,Web前端开发工程师,上海风许网络科技有限公司,1-1.5万/月,上海-闵行区,民营公司,3-4年经验,5,招1人,五险一金 交通补贴 餐饮补贴 专业培训 年终奖金 弹性工作,少于50人
707,前端开发,Web前端开发,H5前端开发工程师,新城控股集团股份有限公司,1.8-3.3万/月,上海,上市公司,5-7年经验,6,招1人,五险一金 餐饮补贴 通讯补贴 绩效奖金 年终奖金 定期体检,10000人以上
708,前端开发,Web前端开发,高级前端开发工程师,上海中畅信息科技有限公司,1.5-2万/月,上海-浦东新区,民营公司,5-7年经验,6,招3人,五险一金 补充医疗保险 免费班车 定期体检 年终奖金 员工旅游,50-150人
709,前端开发,Web前端开发,高级前端研发工程师（WebGL）,浙江上扬商业设备科技股份有限公司上海分公司,1.5-3万/月,上海-闵行区,民营公司,8-9年经验,5,招2人,餐饮补贴 五险一金,500-1000人
710,前端开发,Web前端开发,前端开发工程师,上海深擎信息科技有限公司,2-3万/月,上海-浦东新区,创业公司,3-4年经验,6,招2人,五险一金 做五休二 绩效奖金 带薪年假 节日福利,50-150人
711,前端开发,Web前端开发,Web前端研发工程师,上海天亓科技有限公司,1.3-2.5万/月,上海-松江区,创业公司,1年经验,6,招1人,五险一金 周末双休,少于50人
712,前端开发,Web前端开发,Web前端开发工程师,上海精匠信息科技有限公司,1-1.5万/月,上海-静安区,民营公司,2年经验,6,招若干人,五险一金 年终奖金 绩效奖金 餐饮补贴,50-150人
713,前端开发,Web前端开发,高级Web前端开发工程师,上海未高科技有限公司,1.3-1.8万/月,上海-嘉定区,民营公司,3-4年经验,5,招3人,五险一金 周末双休 弹性工作 节日福利 员工旅游 民营公司 绩效奖金 年终奖金,少于50人
714,前端开发,Web前端开发,移动端工程师,上海镆尔科技有限公司,2-2.5万/月,上海-宝山区,民营公司,2年经验,6,招若干人,,少于50人
715,前端开发,Web前端开发,flutter开发工程师,上海月腾软件科技有限公司,1.2-2万/月,上海-闵行区,民营公司,3-4年经验,5,招若干人,员工旅游 专业培训 绩效奖金,少于50人
716,前端开发,Web前端开发,前端负责人,上海源慧信息科技股份有限公司,2.5-3万/月,上海-杨浦区,民营公司,8-9年经验,5,招1人,五险一金 补充医疗保险 绩效奖金 年终奖金 弹性工作 定期体检,150-500人
717,前端开发,Web前端开发,web前端工程师-上海,"泰思通软件（上海）有限公司 TideStone Software (Shanghai) Corp., Ltd.",6-8千/月,上海,外资（非欧美）,3-4年经验,6,招若干人,五险一金 绩效奖金 年终奖金 餐饮补贴,50-150人
718,前端开发,Web前端开发,Web前端开发工程师,上海君来软件有限公司,0.8-1万/月,上海-宝山区,民营公司,2年经验,6,招若干人,五险一金 股票期权 年终奖金 通讯补贴 交通补贴 餐饮补贴,少于50人
719,前端开发,Web前端开发,Web前端开发工程师,上海佳应科技有限公司,1.4-2.4万/月,上海-黄浦区,外资（非欧美）,3-4年经验,5,招2人,,50-150人
720,前端开发,Web前端开发,Web前端开发工程师,上海朔云信息科技有限公司,0.8-1万/月,上海-静安区,民营公司,2年经验,5,招1人,,少于50人
721,前端开发,Web前端开发,前端开发工程师,上海链斯达克信息科技有限公司,1.2-1.8万/月,上海,民营公司,3-4年经验,6,招1人,五险一金 弹性工作,50-150人
722,前端开发,Web前端开发,Web前端开发工程师,北明软件有限公司,0.9-2万/月,上海-浦东新区,上市公司,2年经验,6,招若干人,五险一金 补充医疗保险 补充公积金 餐饮补贴 定期体检 年终奖金,1000-5000人
723,前端开发,Web前端开发,web前端,大连华钦软件技术有限公司,1.5-2万/月,上海-浦东新区,民营公司,2年经验,6,招5人,五险一金 补充医疗保险,
724,前端开发,Web前端开发,中级前端开发工程师,北京恒赢智航科技有限公司,1-1.5万/月,上海-闵行区,民营公司,3-4年经验,5,招1人,补充医疗保险 五险一金,
725,前端开发,Web前端开发,高级Java 开发工程师,苏州米卡企业管理咨询有限公司,30-40万/年,上海,外资（欧美）,5-7年经验,6,招1人,,
726,前端开发,Web前端开发,中高级前端开发,上海恒志软件科技有限公司,1-1.6万/月,上海-静安区,民营公司,3-4年经验,6,招3人,五险一金 员工旅游 交通补贴 餐饮补贴 通讯补贴 绩效奖金 年终奖金 股票期权 弹性工作 定期体检,150-500人
727,前端开发,Web前端开发,前端开发工程师,上海言某信息科技有限公司,1-2万/月,上海-徐汇区,合资,3-4年经验,5,招1人,五险一金 补充医疗保险 年终奖金 节日福利 定期团建 弹性工作,50-150人
728,前端开发,Web前端开发,前端开发工程师,华存数据信息技术有限公司,1-1.9万/月,上海,国企,3-4年经验,5,招1人,五险一金 带薪年假 绩效奖金 节日福利 交通补贴 餐饮补贴 通讯补贴,150-500人
729,前端开发,Web前端开发,Web前端开发工程师,上海涛创自动化科技有限公司,1-1.5万/月,上海-闵行区,民营公司,2年经验,6,招1人,,少于50人
730,前端开发,Web前端开发,Web前端开发工程师,上海云统信息科技有限公司,0.8-1.5万/月,上海-浦东新区,合资,2年经验,6,招1人,五险一金 补充公积金 免费班车 员工旅游 年终奖金 弹性工作 定期体检 高温补贴 节日福利,50-150人
731,前端开发,Web前端开发,Web前端开发工程师（公司直招）,上海今修网络科技有限公司,0.8-1.2万/月,上海-闵行区,民营公司,1年经验,6,招1人,,50-150人
732,前端开发,Web前端开发,VUE前端工程师,上海浦泷信息技术服务有限公司,0.8-1.5万/月,上海-浦东新区,民营公司,2年经验,5,招2人,,少于50人
733,前端开发,Web前端开发,Web前端开发工程师,南京坚卓软件科技有限公司,1-2万/月,上海,民营公司,3-4年经验,5,招1人,五险一金 餐饮补贴 年终奖金 周末双休 带薪年假,少于50人
734,前端开发,Web前端开发,Web开发工程师,上海握爪信息科技有限公司,0.8-1.5万/月,上海-静安区,民营公司,2年经验,5,招若干人,五险一金 员工旅游 绩效奖金 年终奖金 股票期权 合伙人 周末双休 做五休二 不加班,少于50人
735,前端开发,Web前端开发,前端开发工程师,北京德元通远科技有限公司,1-1.5万/月,上海-浦东新区,民营公司,3-4年经验,6,招4人,绩效奖金 专业培训 弹性工作 节假日福利 带薪年假 五险一金 定期体检 员工旅游 定期团建 周末双休,150-500人
736,前端开发,Web前端开发,前端开发工程师（上海）,深圳微品致远信息科技有限公司,1.4-1.8万/月,上海-长宁区,民营公司,3-4年经验,5,招2人,五险一金 员工旅游 定期体检,150-500人
737,前端开发,Web前端开发,web前端开发工程师 (MJ000653),嬴彻科技（上海）有限公司,2-3万/月,上海-杨浦区,民营公司,5-7年经验,6,招1人,,150-500人
738,前端开发,Web前端开发,Web前端开发工程师,厦门强云网络科技有限公司,1.5-2.5万/月,上海-静安区,民营公司,3-4年经验,6,招1人,五险一金 弹性工作 定期体检 带薪年假 员工旅游 节日福利 零食下午茶 健身俱乐部,150-500人
739,前端开发,Web前端开发,前端开发工程师,武汉安天信息技术有限责任公司,1-2万/月,上海-浦东新区,民营公司,5-7年经验,6,招1人,,150-500人
740,前端开发,Web前端开发,Web前端开发工程师,上海利唐信息科技有限公司,1.5-3万/月,上海-静安区,民营公司,3-4年经验,6,招若干人,五险一金 补充医疗保险 员工旅游 定期体检 年终奖金 通讯补贴 绩效奖金,150-500人
741,前端开发,Web前端开发,Web开发工程师,上海莫能臣智能科技有限公司,0.8-1.5万/月,上海-杨浦区,民营公司,无需经验,6,招1人,年终奖金 周末双休 节日福利 扁平化管理,50-150人
742,前端开发,Web前端开发,Web前端开发工程师,深圳市雁联技术服务有限公司,1-1.5万/月,上海-徐汇区,民营公司,3-4年经验,6,招5人,五险一金 年终奖金 定期体检 高温补贴 电脑补贴 带薪年假 节假日福利,500-1000人
743,前端开发,Web前端开发,高级前端开发工程师,上海爱数信息技术股份有限公司,1.8-2.5万/月,上海,民营公司,5-7年经验,6,招1人,,1000-5000人
744,前端开发,Web前端开发,前端开发（珠海工行+远程面试）,北京汉克时代科技有限公司,1.1-1.8万/月,异地招聘,民营公司,3-4年经验,6,招若干人,,1000-5000人
745,前端开发,Web前端开发,图形平台软件工程师,上海红瓦信息科技有限公司,1.5-2万/月,上海-宝山区,民营公司,3-4年经验,6,招2人,绩效奖金 年终奖金 弹性工作 员工旅游 下午茶 每月团建一次 专业培训 做五休二,少于50人
746,前端开发,Web前端开发,WEB前端工程师（急）,上海嘉天信息技术有限公司,1.5-2万/月,上海-徐汇区,民营公司,3-4年经验,5,招1人,做五休二 周末双休 带薪年假 五险一金 绩效奖金 节日福利 交通补贴 餐饮补贴 通讯补贴,50-150人
747,前端开发,Web前端开发,Web前端开发工程师,上海伯俊软件科技有限公司,1.8-2.6万/月,上海-闵行区,民营公司,3-4年经验,5,招若干人,,150-500人
748,前端开发,Web前端开发,前端开发工程师,神鸟（上海）供应链科技有限公司,1.5-2万/月,上海-青浦区,民营公司,3-4年经验,5,招1人,,
749,前端开发,Web前端开发,前端开发工程师,上海志御软件信息有限公司,1-1.8万/月,上海-徐汇区,民营公司,2年经验,6,招2人,五险一金 员工旅游 交通补贴 餐饮补贴 通讯补贴 年终奖金 定期体检,少于50人
750,前端开发,Web前端开发,Web前端开发工程师,上海得淼科技发展有限公司,6-8千/月,上海-浦东新区,民营公司,2年经验,5,招5人,五险一金 员工旅游 餐饮补贴 专业培训 绩效奖金,少于50人
751,前端开发,Web前端开发,高级web前端（Javascript）工程,上海云丹网络科技有限公司,1.5-3万/月,上海-徐汇区,民营公司,3-4年经验,6,招若干人,,少于50人
752,前端开发,Web前端开发,Web前端开发工程师,上海沉美信息科技有限公司,1.1-1.8万/月,上海-长宁区,民营公司,3-4年经验,6,招1人,五险一金 员工旅游 补充医疗保险 绩效奖金,50-150人
753,前端开发,Web前端开发,高级前端开发工程师,万达信息股份有限公司,0.8-1万/月,上海,上市公司,1年经验,6,招若干人,五险一金 补充公积金 专业培训 定期体检 年终奖金 员工旅游 绩效奖金,1000-5000人
754,前端开发,Web前端开发,Web前端开发工程师,上海皖缘企业登记代理有限公司,0.8-1万/月,上海-浦东新区,民营公司,1年经验,5,招2人,五险一金 员工旅游 交通补贴 专业培训 绩效奖金 年终奖金 弹性工作 定期体检 通讯补贴 补充公积金,50-150人
755,前端开发,Web前端开发,高级前端开发工程师,上海跨境无忧网络技术有限公司,1.5-2.2万/月,上海-浦东新区,民营公司,3-4年经验,5,招1人,股票期权 五险一金 补充医疗保险 餐饮补贴 交通补贴 绩效奖金 年终奖金 弹性工作 专业培训 定期体检,少于50人
756,前端开发,Web前端开发,前端开发工程师-高级,上海罗盘信息科技有限公司,2-2.5万/月,上海-黄浦区,民营公司,5-7年经验,6,招2人,,150-500人
757,前端开发,Web前端开发,前端工程师,苏州种梦客网络科技有限公司,1-1.5万/月,上海-普陀区,民营公司,3-4年经验,6,招2人,五险一金 节日福利,少于50人
758,前端开发,Web前端开发,Web前端开发工程师,舜齐（上海）软件开发有限公司,1-1.5万/月,上海-黄浦区,民营公司,2年经验,5,招1人,五险一金 专业培训 年终奖金 团建 带薪年假,少于50人
759,前端开发,Web前端开发,Web前端开发工程师,上海三零卫士信息安全有限公司,1-2万/月,上海-徐汇区,国企,3-4年经验,6,招1人,五险一金 员工旅游 通讯补贴 专业培训 年终奖金 绩效奖金 定期体检,500-1000人
760,前端开发,Web前端开发,Java软件开发工程师（前端）,上海倍通医药科技咨询有限公司,1-1.5万/月,上海-黄浦区,民营公司,3-4年经验,6,招1人,五险一金 员工旅游 专业培训 绩效奖金 弹性工作 定期体检,1000-5000人
761,前端开发,Web前端开发,前端开发工程师,上海绯逸信息技术有限公司,1.1-1.5万/月,上海-浦东新区,民营公司,2年经验,5,招3人,,50-150人
762,前端开发,Web前端开发,Web前端开发工程师(信服/本部),上海宁日计算机软件有限公司,15-20万/年,上海-宝山区,民营公司,1年经验,6,招2人,五险一金 绩效奖金 弹性工作 定期体检,50-150人
763,前端开发,Web前端开发,中高级前端开发,北京捷科智诚科技有限公司,2-2.5万/月,上海-浦东新区,上市公司,5-7年经验,6,招10人,五险一金 定期体检 带薪年假 节日福利,1000-5000人
764,前端开发,Web前端开发,Web前端开发工程师,上海宏银信息科技股份有限公司,0.8-1.2万/月,上海-静安区,民营公司,3-4年经验,5,招1人,五险一金 员工旅游 年终奖金 弹性工作 绩效奖金,50-150人
765,前端开发,Web前端开发,Java开发工程师,上海红岭科技有限公司,4-8千/月,上海-闵行区,民营公司,2年经验,5,招10人,五险一金 股票期权,少于50人
766,前端开发,Web前端开发,钉钉研发工程师,上海泊冉软件有限公司,1.5-2万/月,上海-宝山区,民营公司,3-4年经验,6,招2人,周末双休 带薪年假 五险一金 交通补贴 绩效奖金 节日福利 专业培训 餐饮补贴 通讯补贴,50-150人
767,前端开发,Web前端开发,前端开发工程师,博瑞利安信息科技（上海）有限公司,1-3万/月,异地招聘,民营公司,3-4年经验,6,招3人,五险一金 员工旅游 交通补贴 餐饮补贴 通讯补贴 绩效奖金 年终奖金,50-150人
768,前端开发,Web前端开发,Web前端开发工程师,上海坤亿信息技术有限公司,1-1.5万/月,上海-浦东新区,民营公司,3-4年经验,6,招1人,五险一金,150-500人
769,前端开发,Web前端开发,手机应用开发工程师,上海祺科信息工程有限公司,1-1.5万/月,上海-闵行区,民营公司,招5人,,招5人,五险一金 交通补贴 餐饮补贴 出国机会 员工旅游 绩效奖金 年终奖金 定期体检,50-150人
770,前端开发,Web前端开发,Web前端开发工程师,上海皆唯软件科技有限公司,1-1.5万/月,上海-闵行区,民营公司,1年经验,5,招2人,餐饮补贴 传统节日福利 团队活动 晋升空间 做五休二 绩效奖金 提供住宿,50-150人
771,前端开发,Web前端开发,高级React前端开发（P6-P7）,上海企兰科技有限公司,2.5-5万/月,上海-长宁区,外资（非欧美）,5-7年经验,6,招若干人,五险一金 交通补贴 餐饮补贴 绩效奖金 年终奖金 弹性工作 定期体检 股票期权,少于50人
772,前端开发,Web前端开发,前端工程师,上海递拎宝网络科技有限公司,0.8-1万/月,上海-松江区,民营公司,2年经验,5,招1人,五险一金 餐饮补贴 绩效奖金 年终奖金 股票期权,150-500人
773,前端开发,Web前端开发,Web前端开发工程师,上海九影网络科技有限公司,0.6-1万/月,上海-浦东新区,民营公司,1年经验,5,招2人,绩效奖金 年终奖金 五险一金 员工旅游 专业培训 弹性工作,少于50人
774,前端开发,Web前端开发,web前端开发工程师,盟拓软件（苏州）有限公司,1-1.5万/月,上海-杨浦区,合资,3-4年经验,6,招2人,,500-1000人
775,前端开发,Web前端开发,高级前端开发工程师0407,上海云简软件科技有限公司,2-3.5万/月,上海-浦东新区,民营公司,5-7年经验,6,招8人,年底双薪 股票期权 带薪年假 午餐补助 扁平管理 技能培训 岗位晋升 五险一金 发展空间大 全勤奖,50-150人
776,前端开发,Web前端开发,前端开发工程师,上海卓畅信息技术有限公司,1-1.5万/月,上海-浦东新区,民营公司,1年经验,6,招1人,五险一金 餐饮补贴 通讯补贴 交通补贴 年终奖金 绩效奖金 员工旅游,少于50人
777,前端开发,Web前端开发,前端开发工程师,上海哲锦信息科技有限公司,1-2万/月,上海-徐汇区,民营公司,1年经验,6,招若干人,五险一金 餐饮补贴,
778,前端开发,Web前端开发,前端开发工程师,上海时溪信息技术有限公司,1.5-2万/月,上海-浦东新区,民营公司,3-4年经验,6,招若干人,五险一金 免费班车,50-150人
779,前端开发,Web前端开发,AI前端软件研发工程师(J11581),上海联影智能医疗科技有限公司,1.4-2.2万/月,上海-徐汇区,民营公司,2年经验,7,招若干人,,1000-5000人
780,前端开发,Web前端开发,前端开发工程师 （微信小程序）,上海韦晴软件科技有限公司,1.5-2万/月,上海,民营公司,3-4年经验,6,招1人,年终奖金 绩效奖金 五险一金 员工旅游 专业培训,50-150人
781,前端开发,Web前端开发,Web前端开发工程师,上海菱众信息技术有限公司,6-9千/月,上海-闵行区,民营公司,1年经验,6,招2人,五险一金 交通补贴 餐饮补贴 年终奖金 弹性工作,少于50人
782,前端开发,Web前端开发,Web开发工程师,上海十年智能科技有限公司,1.5-2万/月,上海-黄浦区,民营公司,5-7年经验,6,招1人,,50-150人
783,前端开发,Web前端开发,前端开发工程师,上海汉蠡软件服务有限公司,1.2-2万/月,上海-普陀区,民营公司,3-4年经验,5,招1人,,少于50人
784,前端开发,Web前端开发,Web前端开发工程师,上海络安信息技术有限公司,1-1.8万/月,上海-浦东新区,民营公司,3-4年经验,5,招1人,带薪年假 五险一金 绩效奖金 专业培训 周末双休 节日福利 餐饮补贴,50-150人
785,前端开发,Web前端开发,前端开发工程师,苏州工业园区凌志软件股份有限公司,1.3-1.5万/月,上海-静安区,民营公司,3-4年经验,6,招若干人,五险一金 员工旅游 绩效奖金 年终奖金 定期体检,1000-5000人
786,前端开发,Web前端开发,前端开发工程师,上海杰图天下网络科技有限公司,1.5-2万/月,上海-浦东新区,民营公司,3-4年经验,6,招2人,五险一金 餐饮补贴 通讯补贴 专业培训 出国机会 弹性工作,少于50人
787,前端开发,Web前端开发,Web前端开发工程师,上海韬煜信息科技有限公司,0.7-1万/月,上海,民营公司,5-7年经验,6,招1人,五险一金 弹性工作 补充医疗保险 餐饮补贴 通讯补贴 绩效奖金 年终奖金,少于50人
788,前端开发,Web前端开发,前端开发工程师,黑龙江省祥泰佳信科技有限公司,0.8-1万/月,上海,民营公司,1年经验,5,招1人,,150-500人
789,前端开发,Web前端开发,前端开发工程师,上海棣首遥科技有限公司,0.8-1.2万/月,上海-闵行区,民营公司,2年经验,5,招1人,,少于50人
790,前端开发,Web前端开发,Web前端开发工程师,上海润和信息技术服务有限公司,1.5-1.9万/月,上海-浦东新区,上市公司,5-7年经验,6,招若干人,五险一金 补充医疗保险 交通补贴 餐饮补贴 年终奖金 定期体检,1000-5000人
791,前端开发,Web前端开发,前端开发工程师,上海及未科技有限公司,1.2-2.4万/月,上海-徐汇区,民营公司,3-4年经验,6,招1人,五险一金 员工旅游 专业培训 绩效奖金 年终奖金 周末双休 带薪年假 节日福利 全勤奖 餐饮补贴,150-500人
792,前端开发,Web前端开发,前端开发工程师,上海通办信息服务有限公司,1.5-2万/月,上海-静安区,民营公司,3-4年经验,6,招若干人,,150-500人
793,前端开发,Web前端开发,web前端开发工程师,上海蛙声一片科技有限公司,1.5-2万/月,上海-闵行区,民营公司,3-4年经验,5,招1人,,少于50人
794,前端开发,Web前端开发,前端开发工程师,上海新朋程数据科技发展有限公司,1.3-1.8万/月,上海-杨浦区,合资,3-4年经验,6,招1人,五险一金 员工旅游 定期体检 带薪年假 绩效奖金 年终奖金 双休 员工宿舍,150-500人
795,前端开发,Web前端开发,Cesium开发工程师,赛瓦软件(上海)有限公司,1.5-3万/月,上海-徐汇区,民营公司,3-4年经验,6,招1人,五险一金 通讯补贴 年终奖金 弹性工作 交通补贴 餐饮补贴 定期体检 股票期权 专业培训 商业保险,50-150人
796,前端开发,Web前端开发,Web前端开发工程师,上海东篱信息科技有限公司,1-1.5万/月,上海-闵行区,民营公司,2年经验,5,招1人,五险一金 年终奖金 绩效奖金 员工旅游 专业培训 通讯补贴 餐饮补贴 交通补贴 弹性工作,50-150人
797,前端开发,Web前端开发,zy0064-前端工程师,中盈优创资讯科技有限公司,1-1.8万/月,上海-浦东新区,国企,3-4年经验,6,招5人,五险一金 补充医疗保险 餐饮补贴 通讯补贴 定期体检 绩效奖金 生日福利 节日福利,500-1000人
798,前端开发,Web前端开发,前端开发工程师,上海繁易信息科技股份有限公司,1.2-2万/月,上海,民营公司,2年经验,,招1人,五险一金 员工旅游 股票期权 年终奖金 绩效奖金 专业培训 弹性工作 定期体检 免费班车,50-150人
799,前端开发,Web前端开发,Web前端开发工程师,上海德慧信息技术有限公司,0.8-1.5万/月,上海-黄浦区,民营公司,2年经验,6,招3人,五险一金 年终奖金 弹性工作 定期体检 补充公积金 员工旅游,150-500人
800,前端开发,Web前端开发,前端开发工程师,上海元聿智能科技有限公司,0.8-1万/月,上海-浦东新区,民营公司,1年经验,5,招1人,,少于50人
801,前端开发,Web前端开发,Web前端开发工程师,上海允海贸易有限公司,0.8-1.2万/月,上海-闵行区,民营公司,2年经验,6,招1人,五险一金 周末双休 不定期团建 带薪年假 员工旅游 专业培训 绩效奖金 年终奖金 餐饮补贴,50-150人
802,前端开发,Web前端开发,前端工程师,上海数腾软件科技股份有限公司,1.5-3万/月,上海,民营公司,3-4年经验,6,招若干人,五险一金 补充医疗保险 员工旅游 定期体检 免费班车 做五休二 带薪年假 周末双休,50-150人
803,前端开发,Web前端开发,Web前端开发工程师（急招）,上海索辰信息科技股份有限公司,1-2.5万/月,上海-浦东新区,民营公司,2年经验,6,招1人,五险一金 餐饮补贴 绩效奖金 专业培训 弹性工作 做五休二 周末双休 带薪年假,150-500人
804,前端开发,Web前端开发,Web前端开发工程师,菲斯科（上海）软件有限公司,0.8-1.8万/月,上海-长宁区,民营公司,3-4年经验,5,招若干人,弹性工作 周末双休 五险一金 带薪年假 专业培训 高温补贴 绩效奖金 员工旅游 出国机会 年终奖金,50-150人
805,前端开发,Web前端开发,Web前端开发工程师（德拓）,上海全晓信息技术有限公司,1.2-1.6万/月,上海-徐汇区,民营公司,3-4年经验,6,招3人,,150-500人
806,前端开发,Web前端开发,资深前端工程师,上海亦存网络科技有限公司,1.5-2万/月,上海-浦东新区,民营公司,2年经验,5,招2人,,50-150人
807,前端开发,Web前端开发,前端开发工程师 - 上海,上海画龙信息科技有限公司,1.5-2万/月,上海-徐汇区,民营公司,3-4年经验,6,招2人,五险一金 餐饮补贴 弹性工作 专业培训 年终奖金 股票期权 员工旅游,50-150人
808,前端开发,Web前端开发,前端开发工程师,语祯物联科技（上海）有限公司,1-1.5万/月,上海-闵行区,创业公司,1年经验,6,招1人,五险一金 餐饮补贴 员工旅游 股票期权 定期体检,50-150人
809,前端开发,Web前端开发,H5前端开发工程师,上海华探通讯技术有限公司,0.9-1.6万/月,上海,民营公司,2年经验,6,招1人,带薪年假 五险一金 绩效奖金 节日福利 专业培训 弹性工作 做五休二,50-150人
810,前端开发,Web前端开发,前端技术开发,上海智阁信息科技有限公司,1-1.4万/月,上海-杨浦区,民营公司,3-4年经验,5,招1人,五险一金 员工旅游 专业培训 绩效奖金,少于50人
811,前端开发,Web前端开发,web/vue前端工程师,上海奔云信息科技有限公司,1.2-1.8万/月,上海-浦东新区,民营公司,3-4年经验,5,招若干人,五险一金 员工旅游 交通补贴 餐饮补贴 年终奖金 股票期权 弹性工作 创业公司 事业合伙人,少于50人
812,前端开发,Web前端开发,Web前端开发工程师,上海旻瑞信息技术有限公司,1-1.5万/月,上海-徐汇区,民营公司,1年经验,5,招5人,做五休二 带薪年假 五险一金 绩效奖金 餐饮补贴 住房补贴 加班补贴,50-150人
813,前端开发,Web前端开发,资深WEB前端工程师,上海火溶信息科技有限公司,2-2.5万/月,上海,民营公司,5-7年经验,6,招若干人,周末双休 带薪年假 五险一金 全勤奖 节日福利,150-500人
814,前端开发,Web前端开发,Javascript高级开发工程师,上海贝耳塔信息技术有限公司,1.8-2.6万/月,上海,民营公司,5-7年经验,6,招3人,五险一金 员工旅游 餐饮补贴 年终奖金 股票期权 定期体检,150-500人
815,前端开发,Web前端开发,前端开发,上海浩方信息技术有限公司,1-1.5万/月,上海-浦东新区,合资,3-4年经验,5,招1人,,1000-5000人
816,前端开发,Web前端开发,Web前端开发工程师,上海原圈网络科技有限公司,1.5-2万/月,上海-闵行区,民营公司,3-4年经验,6,招5人,五险一金 通讯补贴 专业培训 绩效奖金 餐饮补贴 年终奖金 弹性工作 定期体检 股票期权,150-500人
817,前端开发,Web前端开发,Web前端开发工程师,上海直真君智科技有限公司,1-1.5万/月,上海-徐汇区,民营公司,2年经验,6,招2人,周末双休 带薪年假 五险一金 节日福利 餐饮补贴 专业培训 通讯补贴 员工旅游 免费体检 定期体检,50-150人
818,前端开发,Web前端开发,SaaS软件开发,上海环安软件有限公司,0.8-1.3万/月,上海-浦东新区,外资（欧美）,1年经验,6,招1人,五险一金 补充医疗保险 补充公积金 弹性工作 定期体检 带薪年假 交通补贴 餐饮补贴 员工旅游 绩效奖金,150-500人
819,前端开发,Web前端开发,前端开发经理,头豹信息科技南京有限公司,2-2.5万/月,上海-徐汇区,民营公司,3-4年经验,6,招若干人,五险一金 补充医疗保险 定期体检,
820,前端开发,Web前端开发,前端开发工程师,神州灵云（北京）科技有限公司,1-1.5万/月,上海-徐汇区,创业公司,1年经验,6,招1人,五险一金 补充医疗保险 定期体检 绩效奖金 13薪,50-150人
821,前端开发,Web前端开发,Web前端开发工程师,上海酷量信息技术有限公司,1-1.5万/月,上海-徐汇区,民营公司,2年经验,5,招1人,,150-500人
822,前端开发,Web前端开发,前端开发工程师（上海）,凯盛融英信息科技（上海）股份有限公司,1-1.5万/月,上海-静安区,民营公司,1年经验,6,招2人,五险一金 补充医疗保险 通讯补贴 专业培训 绩效奖金 周末双休 带薪年假 节日福利,500-1000人
823,前端开发,Web前端开发,Web前端开发工程师,上海开图信息科技发展有限公司,1.3-2.5万/月,上海-闵行区,民营公司,3-4年经验,6,招1人,五险一金 年终奖金 交通补贴 弹性工作 员工旅游 节日福利,少于50人
824,前端开发,Web前端开发,高级前端开发工程师/web前端开发工程师,上海赋算通云计算科技有限公司,1.1-1.8万/月,上海-浦东新区,民营公司,3-4年经验,6,招若干人,五险一金 年终奖金 专业培训 绩效奖金 周末双休 餐饮补贴 弹性工作 定期体检,少于50人
825,前端开发,Web前端开发,web高级工程师,上海民航华东凯亚系统集成有限公司,1.5-2万/月,上海,国企,5-7年经验,6,招若干人,五险一金 通讯补贴 餐饮补贴 绩效奖金 节日福利 周末双休 带薪年假 商业医疗保险 定期体检,150-500人
826,前端开发,Web前端开发,Web前端开发工程师,南京涵韬信息科技有限公司,0.8-1.2万/月,上海-徐汇区,民营公司,3-4年经验,6,招2人,五险一金 员工旅游 专业培训 绩效奖金 定期体检 节假日福利,50-150人
827,前端开发,Web前端开发,前端开发工程师,上海托旺数据科技有限公司,1-2万/月,上海-长宁区,民营公司,3-4年经验,5,招若干人,做五休二 五险一金 周末双休 节日福利,少于50人
828,前端开发,Web前端开发,前端开发工程师,融营通信科技（上海）有限公司,1.1-1.5万/月,上海-徐汇区,民营公司,3-4年经验,5,招1人,周末双休 带薪年假 五险一金 全勤奖 节日福利 绩效奖金 餐饮补贴 员工旅游 年终奖金,50-150人
829,前端开发,Web前端开发,前端开发工程师,上海威派格智慧水务股份有限公司,1.5-2.5万/月,上海-嘉定区,上市公司,3-4年经验,6,招2人,五险一金 免费班车 提供三餐 住房补贴 生日礼品 三节福利 员工旅游 定期体检 年终奖金 专业培训,1000-5000人
830,前端开发,Web前端开发,前端开发工程师,上海优方信息科技服务股份有限公司,1-1.5万/月,上海-静安区,民营公司,2年经验,6,招1人,五险一金 年终奖金 董事长基金 项目奖金,少于50人
831,前端开发,Web前端开发,游戏前端开发工程师 (MJ000076),迪原创新（北京）科技有限公司,1-1.8万/月,上海-闵行区,民营公司,2年经验,6,招5人,五险一金 弹性工作 餐饮补贴 交通补贴 大平台,150-500人
832,前端开发,Web前端开发,前端开发工程师,上海济沧海智能科技有限公司,0.8-2万/月,上海-松江区,民营公司,3-4年经验,6,招2人,五险一金 员工旅游 交通补贴 通讯补贴 年终奖金 绩效奖金,50-150人
833,前端开发,Web前端开发,Web前端开发工程师,苏州千筹文化传媒有限公司上海分公司,0.8-1.2万/月,上海-奉贤区,外资（非欧美）,1年经验,5,招1人,五险一金 通讯补贴 周末双休,
834,前端开发,Web前端开发,前端开发工程师,上海乐呈信息科技发展有限公司,0.8-1.2万/月,上海-宝山区,民营公司,2年经验,5,招1人,五险一金 员工旅游 餐饮补贴 弹性工作,50-150人
835,前端开发,Web前端开发,Java开发工程师,上海麦美网络科技有限公司,1-2万/月,上海-闵行区,民营公司,1年经验,5,招若干人,,少于50人
836,前端开发,Web前端开发,.Net/C#—Web或Winform软件工程师,上海鸣野信息科技有限公司,1-1.5万/月,上海-闵行区,民营公司,1年经验,5,招2人,,少于50人
837,前端开发,Web前端开发,前端研发工程师,上海米健信息技术有限公司,1-1.5万/月,上海-杨浦区,上市公司,3-4年经验,6,招若干人,五险一金 员工旅游 通讯补贴 专业培训 绩效奖金 定期体检,150-500人
838,前端开发,Web前端开发,前端开发工程师,深圳优尼信息技术有限公司,2.5-3万/月,上海-浦东新区,民营公司,5-7年经验,6,招1人,,150-500人
839,前端开发,Web前端开发,高级前端工程师,久瓴（上海）智能科技有限公司常州分公司,1.8-3万/月,上海-徐汇区,民营公司,5-7年经验,6,招2人,五险一金 餐饮补贴 年终奖金 专业培训,50-150人
840,前端开发,Web前端开发,Web前端开发工程师,步康（上海）软件有限公司,10-18万/年,上海-黄浦区,外资（欧美）,2年经验,5,招若干人,,50-150人
841,前端开发,Web前端开发,Web前端开发工程师,中通服软件科技有限公司,0.8-1.5万/月,上海-浦东新区,国企,3-4年经验,6,招若干人,五险一金 补充公积金 交通补贴 餐饮补贴 通讯补贴 绩效奖金 年终奖金 弹性工作 定期体检,500-1000人
842,前端开发,Web前端开发,Web前端开发工程师,见知数据科技（上海）有限公司,1.5-3万/月,上海-徐汇区,民营公司,3-4年经验,6,招5人,五险一金 补充医疗保险 员工旅游 年终奖金 股票期权,50-150人
843,前端开发,Web前端开发,前端开发工程师,上海科锐福克斯人才顾问有限公司深圳分公司,1.5-2万/月,异地招聘,民营公司,3-4年经验,6,招5人,五险一金 餐饮补贴 弹性工作 员工旅游 绩效奖金 年终奖金 定期体检,150-500人
844,前端开发,Web前端开发,前端开发工程师,上海桑万信息技术有限公司,1-1.5万/月,上海-浦东新区,民营公司,3-4年经验,5,招10人,五险一金 餐饮补贴 年终奖金 节假日福利 绩效奖金,50-150人
845,前端开发,Web前端开发,前端开发工程师,北京华钦恒通软件技术有限公司,1.3-1.8万/月,上海-浦东新区,民营公司,3-4年经验,5,招2人,,
846,前端开发,Web前端开发,Web前端开发工程师,宁波比孚信息科技有限公司,1.5-2.5万/月,上海,合资,3-4年经验,5,招3人,五险一金 专业培训 弹性工作,150-500人
847,前端开发,Web前端开发,高级Web前端开发工程师,上海仙软信息科技有限公司,2-4万/月,上海-浦东新区,民营公司,3-4年经验,6,招若干人,五险一金 员工旅游 交通补贴 餐饮补贴 专业培训 年终奖金 弹性工作 美女如云,150-500人
848,前端开发,Web前端开发,资深前端开发工程师,源杉数据科技（上海）有限公司,2-4万/月,上海-杨浦区,民营公司,5-7年经验,6,招2人,五险一金 年终奖金 弹性工作 股票期权 零食无限量 员工旅游,少于50人
849,前端开发,Web前端开发,前端开发工程师（上海-AI-智能平台）,云从科技,1.8-2.5万/月,上海,民营公司,5-7年经验,6,招1人,五险一金 免费班车 餐饮补贴 专业培训 绩效奖金 年终奖金 弹性工作,1000-5000人
850,前端开发,Web前端开发,web开发工程师,深圳市天软科技开发有限公司,0.8-1万/月,上海-浦东新区,民营公司,本科,6,招2人,五险一金 弹性工作 定期体检,50-150人
851,前端开发,Web前端开发,Web前端开发工程师,上海赛图计算机科技股份有限公司,1-1.5万/月,上海-徐汇区,民营公司,3-4年经验,5,招1人,,少于50人
852,前端开发,Web前端开发,Web前端开发工程师,上海挖数互联网科技有限公司,1-1.5万/月,上海-浦东新区,民营公司,1年经验,6,招若干人,,50-150人
853,前端开发,Web前端开发,前端开发工程师,深圳市誉托科技有限公司,1-1.5万/月,上海-浦东新区,民营公司,3-4年经验,6,招4人,五险一金 弹性工作,50-150人
854,前端开发,Web前端开发,Web前端开发工程师,上海天钿通网络科技发展有限公司,6-8千/月,上海-青浦区,民营公司,2年经验,6,招1人,做五休二 周末双休 五险一金 通讯补贴 带薪年假,50-150人
855,前端开发,Web前端开发,.NET微信小程序开发工程师,铭农（上海）信息科技有限公司,0.8-1万/月,上海-宝山区,民营公司,1年经验,5,招2人,五险一金 绩效奖金 员工旅游,50-150人
856,前端开发,Web前端开发,资深前端开发工程师,竹间智能科技（上海）有限公司,2.5-4万/月,上海,外资（欧美）,5-7年经验,6,招1人,五险一金 补充医疗保险 弹性工作 定期体检,150-500人
857,前端开发,Web前端开发,Web前端开发工程师,上海梦之路数字科技有限公司,0.7-1.5万/月,上海-浦东新区,民营公司,2年经验,6,招若干人,五险一金 员工旅游 餐饮补贴 年终奖金 绩效奖金 定期体检 周末双休 带薪年假 补充医疗保险,50-150人
858,前端开发,Web前端开发,Web前端开发工程师,通教信息技术（上海）有限公司,1.5-2万/月,上海,民营公司,3-4年经验,6,招3人,五险一金 补充医疗保险 员工旅游 交通补贴 餐饮补贴 通讯补贴 绩效奖金 年终奖金 弹性工作,少于50人
859,前端开发,Web前端开发,Web前端开发工程师,上海登弘信息科技有限公司,1-1.5万/月,上海-浦东新区,民营公司,3-4年经验,5,招1人,,150-500人
860,前端开发,Web前端开发,Web前端开发工程师 Front End Developer,北京世博金安科技有限公司,1-1.5万/月,上海-浦东新区,外资（欧美）,2年经验,6,招6人,五险一金 出国机会 专业培训,50-150人
861,前端开发,Web前端开发,angular前端开发工程师,上海森亿医疗科技有限公司,1.5-3万/月,上海-浦东新区,民营公司,2年经验,6,招若干人,,150-500人
862,前端开发,Web前端开发,web前端开发主管,上海迈伺通机器人科技有限责任公司,2-5万/月,上海-徐汇区,民营公司,5-7年经验,6,招1人,,少于50人
863,前端开发,Web前端开发,前端开发工程师,上海功存智能科技有限公司,1.5-1.7万/月,上海-宝山区,民营公司,3-4年经验,6,招2人,五险一金 餐饮补贴 年终奖金,150-500人
864,前端开发,Web前端开发,Web前端开发工程师,东铭实业集团有限公司,1.2-2.5万/月,上海-浦东新区,民营公司,3-4年经验,6,招若干人,五险一金 定期体检 餐饮补贴 免费班车,150-500人
865,前端开发,Web前端开发,Web前端开发工程师,上海比孚信息科技有限公司,1.5-2.2万/月,上海-浦东新区,民营公司,5-7年经验,6,招1人,五险一金 员工旅游 年终奖金 弹性工作 带薪年假 试用期全薪,150-500人
866,前端开发,Web前端开发,前端开发工程师,远弘信息技术（上海）有限公司,1-2万/月,上海-徐汇区,民营公司,3-4年经验,6,招1人,五险一金 弹性工作 做五休二 年终奖金 定期体检,50-150人
867,前端开发,Web前端开发,web前端工程师,金证财富南京科技有限公司,1.5-2万/月,上海-浦东新区,民营公司,3-4年经验,6,招1人,五险一金 通讯补贴 交通补贴 年终奖金 员工旅游 定期体检,500-1000人
868,前端开发,Web前端开发,前端,上海税友软件有限公司,1-1.5万/月,上海,民营公司,3-4年经验,5,招2人,做五休二 绩效奖金 加班补贴 通讯补贴 高温补贴 节日福利 专业培训 带薪年假 五险一金 周末双休,5000-10000人
869,前端开发,Web前端开发,Frontend developer 前端开发,网叶（上海）信息科技有限公司,1-1.5万/月,上海-静安区,外资（欧美）,3-4年经验,5,招1人,五险一金 年终奖金 工作环境佳,少于50人
870,前端开发,Web前端开发,Web前端开发工程师,上海士翌信息技术有限公司,1-3万/月,上海-浦东新区,民营公司,3-4年经验,6,招若干人,五险一金 员工旅游 餐饮补贴 绩效奖金 年终奖金 股票期权 弹性工作 定期体检,
871,前端开发,Web前端开发,Web前端开发工程师,上海习元信息技术有限公司,1.2-2万/月,上海,民营公司,2年经验,5,招2人,,少于50人
872,前端开发,Web前端开发,前端开发工程师,上海南天电脑系统有限公司,1-1.5万/月,上海-浦东新区,上市公司,2年经验,6,招1人,五险一金 定期体检 周末双休 带薪年假 午饭补贴 节日福利 高温补贴 年度旅游,500-1000人
873,前端开发,Web前端开发,前端开发工程师,智弧（上海）科技有限公司,1.2-2.2万/月,上海-虹口区,民营公司,3-4年经验,6,招2人,,50-150人
874,前端开发,Web前端开发,Web前端开发工程师,上海合齐软件科技有限公司,0.8-1.2万/月,上海-浦东新区,民营公司,2年经验,6,招1人,五险一金 绩效奖金 年终奖金 定期体检 员工旅游,少于50人
875,前端开发,Web前端开发,Web前端开发工程师,深圳市智灵时代科技有限公司,2-3万/月,上海-浦东新区,民营公司,5-7年经验,6,招若干人,,50-150人
876,前端开发,Web前端开发,WEB前端开发工程师/前端UI工程师,上海丰申医疗科技股份有限公司,0.8-1万/月,上海-浦东新区,民营公司,2年经验,6,招2人,周末双休 带薪年假 绩效奖金 专业培训 节假日福利 五险一金,少于50人
877,前端开发,Web前端开发,前端开发工程师,上海客恒信息技术有限公司,1.2-1.8万/月,上海-黄浦区,民营公司,3-4年经验,5,招1人,,500-1000人
878,前端开发,Web前端开发,中级前端开发工程师,上海点明信息技术有限公司,2-2.5万/月,上海-宝山区,合资,3-4年经验,6,招若干人,五险一金 定期体检 餐饮补贴,50-150人
879,前端开发,Web前端开发,Web前端开发工程师,上海才匠智能科技有限公司,0.5-1.2万/月,上海-浦东新区,民营公司,1年经验,6,招2人,周末双休 带薪年假 五险一金 员工旅游 交通补贴 餐饮补贴 通讯补贴 绩效奖金 免费班车,50-150人
880,前端开发,Web前端开发,Web前端高级工程师,赛摩（上海）工业互联网科技有限公司,2-2.5万/月,上海-闵行区,上市公司,5-7年经验,5,招2人,,500-1000人
881,前端开发,Web前端开发,Web前端开发工程师,上海鸿欢网络科技有限公司,0.7-1.5万/月,上海-长宁区,民营公司,1年经验,5,招若干人,做五休二 带薪年假 五险一金 绩效奖金 意外保障险 通讯补贴 交通补贴 年终奖金 定期体检 员工旅游,少于50人
882,前端开发,Web前端开发,Web前端开发工程师,上海尊雅实业有限公司,1.2-1.8万/月,上海-黄浦区,合资,3-4年经验,6,招3人,五险一金,150-500人
883,前端开发,Web前端开发,Web前端开发工程师,上海民原科技有限公司,1-1.5万/月,上海-闵行区,民营公司,2年经验,6,招若干人,五险一金 员工旅游 绩效奖金 年终奖金,50-150人
884,前端开发,Web前端开发,Web前端开发工程师,上海璨阳网络信息科技有限公司,1.4-2万/月,上海-浦东新区,民营公司,3-4年经验,5,招5人,五险一金 员工旅游 年终奖金,50-150人
885,前端开发,Web前端开发,前端开发工程师,Yogo Robotics 有个机器人,2-4万/月,上海-静安区,创业公司,3-4年经验,5,招2人,五险一金 绩效奖金 员工旅游 股票期权,150-500人
886,前端开发,Web前端开发,前端开发工程师,上海华鸢机电有限公司,1.5-2万/月,上海,民营公司,3-4年经验,6,招1人,五险一金 餐饮补贴 出国机会 年终奖金,少于50人
887,前端开发,Web前端开发,前端开发工程师,上海欣兆阳信息科技有限公司,1-2万/月,上海-徐汇区,民营公司,2年经验,6,招2人,五险一金 补充医疗保险 员工旅游 通讯补贴 股票期权 弹性工作 定期体检,50-150人
888,前端开发,Web前端开发,Web前端开发工程师,上海久雅信息科技有限公司,1.8-4万/月,上海-徐汇区,民营公司,3-4年经验,6,招1人,五险一金 员工旅游 餐饮补贴 专业培训 绩效奖金 年终奖金 定期体检 股票期权,150-500人
889,前端开发,Web前端开发,WebGL高级工程师,上海顶互智能科技有限公司,1.4-2万/月,上海-松江区,创业公司,2年经验,5,招2人,,少于50人
890,前端开发,Web前端开发,前端开发工程师,同济大学,1.5-2.5万/月,上海-杨浦区,事业单位,3-4年经验,6,招1人,五险一金 交通补贴 餐饮补贴 通讯补贴 绩效奖金 出国机会,500-1000人
891,前端开发,Web前端开发,Web前端开发工程师,上海银壳信息科技有限公司,1-1.5万/月,上海-浦东新区,创业公司,3-4年经验,5,招若干人,,50-150人
892,前端开发,Web前端开发,Web前端开发工程师,上海礼宽信息科技有限公司,1.5-2万/月,上海-徐汇区,民营公司,2年经验,5,招1人,五险一金 年终奖金 定期体检,少于50人
893,前端开发,Web前端开发,Web前端开发工程师,上海朵块科技有限公司,0.9-1.4万/月,上海-浦东新区,民营公司,2年经验,6,招3人,五险一金 补充医疗保险 年终奖金 带薪病假 带薪年假,少于50人
894,前端开发,Web前端开发,前端开发工程师,福建顶点软件股份有限公司,1-1.8万/月,上海,民营公司,2年经验,6,招5人,六险一金 上市公司 节日礼物 年度旅游 定期体检 餐补,500-1000人
895,前端开发,Web前端开发,Web前端开发工程师-CRM产品,维音数码（上海）有限公司,1.5-2.5万/月,上海-浦东新区,外资（欧美）,5-7年经验,5,招若干人,五险一金 员工旅游 专业培训 绩效奖金 年终奖金 股票期权 弹性工作 定期体检,150-500人
896,前端开发,Web前端开发,前端工程师,上海讯有信息科技有限公司,1-1.5万/月,上海-闵行区,民营公司,3-4年经验,5,招1人,五险一金 弹性工作 绩效奖金 专业培训 年终奖金 晋升空间 周末双休 通讯补贴 全勤奖 零食下午茶,150-500人
897,前端开发,Web前端开发,React前端工程师,上海才历网络有限公司,30-40万/年,上海-徐汇区,合资,3-4年经验,6,招若干人,,50-150人
898,前端开发,Web前端开发,前端开发工程师,上海宇丰电子信息科技发展有限公司,0.9-1.2万/月,上海-闵行区,民营公司,1年经验,6,招1人,五险一金 年终奖金 餐饮补贴,少于50人
899,前端开发,Web前端开发,微信/网页前端开发,上海良晓信息科技有限公司,0.8-1万/月,上海-普陀区,民营公司,1年经验,5,招1人,五险一金 员工旅游 年终奖金 弹性工作,少于50人
900,前端开发,Web前端开发,HTML5前端开发工程师,上海科领软件技术有限公司,6-8千/月,上海-黄浦区,合资,1年经验,5,招若干人,五险一金 员工旅游 餐饮补贴 年终奖金,50-150人
901,前端开发,Web前端开发,Web前端开发工程师,上海平欣电子科技有限公司,0.8-1.5万/月,上海-浦东新区,民营公司,3-4年经验,6,招3人,五险一金 员工旅游 交通补贴 餐饮补贴 通讯补贴,150-500人
902,前端开发,Web前端开发,VUE前端工程师,上海怀思信息技术咨询有限公司,1-1.9万/月,上海-浦东新区,民营公司,3-4年经验,6,招3人,五险一金 专业培训 绩效奖金 弹性工作,150-500人
903,前端开发,Web前端开发,全栈工程师,中毅皓安国际科技（北京）有限公司,1-1.5万/月,上海-闵行区,民营公司,2年经验,6,招3人,五险一金 绩效奖金 员工旅游 定期体检 年终奖金,少于50人
904,前端开发,Web前端开发,初中级web前端开发工程师（上海招）,天阳宏业科技股份有限公司,1-2万/月,上海-浦东新区,民营公司,2年经验,6,招10人,,5000-10000人
905,前端开发,Web前端开发,java高级前端软件开发工程师,上海律信信息科技有限公司,1-1.5万/月,上海-闵行区,民营公司,3-4年经验,,招若干人,,50-150人
906,前端开发,Web前端开发,前端开发工程师,上海施福圣科技有限公司,0.8-1万/月,上海-普陀区,民营公司,2年经验,5,招2人,五险一金 员工旅游 定期体检 弹性工作,少于50人
907,前端开发,Web前端开发,Web前端开发工程师,康德曼（北京）互联网技术有限公司,1.5-2万/月,上海-徐汇区,民营公司,3-4年经验,6,招若干人,五险一金 绩效奖金,150-500人
908,前端开发,Web前端开发,前端开发工程师（WEB APP方向）,上海上业信息科技股份有限公司,0.8-1.2万/月,上海-闵行区,民营公司,2年经验,6,招若干人,五险一金 员工旅游 绩效奖金 年终奖金,150-500人
909,前端开发,Web前端开发,前端开发工程师,上海飞信信息科技有限公司,0.8-1万/月,上海-普陀区,民营公司,1年经验,6,招2人,五险一金 绩效奖金 年终奖金,少于50人
910,前端开发,Web前端开发,前端开发工程师,上海鼎沛信息科技有限公司,1-1.5万/月,上海-浦东新区,民营公司,3-4年经验,5,招1人,,少于50人
911,前端开发,Web前端开发,WEB前端开发工程师,上海豆格信息科技有限公司,1-1.5万/月,异地招聘,民营公司,1年经验,6,招若干人,五险一金 交通补贴 年终奖金 员工旅游 带薪年假 零食下午茶 节日福利 宠物津贴,50-150人
912,前端开发,Web前端开发,高级Web前端,上海点美投资咨询有限公司,1.8-2.2万/月,上海,合资,5-7年经验,6,招1人,五险一金 免费班车 绩效奖金,150-500人
913,前端开发,Web前端开发,Web前端工程师,上海懿教信息科技有限公司,1-1.5万/月,上海,民营公司,3-4年经验,6,招1人,五险一金 弹性工作 绩效奖金 定期体检 周末双休 交通补贴 年终奖金 出国旅游,50-150人
914,前端开发,Web前端开发,前端开发工程师,上海诺构软件技术有限公司,1-1.5万/月,上海-浦东新区,民营公司,2年经验,5,招10人,五险一金 交通补贴 餐饮补贴 员工旅游 专业培训 绩效奖金 年终奖金,少于50人
915,前端开发,Web前端开发,Web前端开发工程师,杭州锐致商务咨询有限公司,1-1.5万/月,上海-浦东新区,民营公司,3-4年经验,6,招1人,五险一金 商业保险 做五休二,1000-5000人
916,前端开发,Web前端开发,Web前端开发工程师,上海奥意特信息科技有限公司,0.9-1.5万/月,上海,民营公司,3-4年经验,5,招5人,五险一金 交通补贴 绩效奖金 弹性工作 专业培训,50-150人
917,前端开发,Web前端开发,Web前端开发工程师,上海四辐信息科技有限公司,1.5-2万/月,上海-青浦区,民营公司,3-4年经验,5,招若干人,通讯补贴 节日福利 全勤奖 专业培训 包住宿 弹性工作 做六休一 五险一金,150-500人
918,前端开发,Web前端开发,Web前端开发工程师,中电科技（北京）有限公司,1-1.5万/月,上海-浦东新区,国企,3-4年经验,6,招1人,,150-500人
919,前端开发,Web前端开发,Java软件开发工程师（前端）,上海博制信息技术有限公司,1-1.5万/月,上海-浦东新区,民营公司,3-4年经验,5,招若干人,,少于50人
920,前端开发,Web前端开发,Web前端开发工程师,苏州弗格信息科技有限公司,1-1.5万/月,上海-徐汇区,民营公司,3-4年经验,5,招2人,五险一金 员工旅游 节假日福利 生日福利,50-150人
921,前端开发,Web前端开发,Web前端开发工程师,上海图丽信息技术有限公司,1-2.5万/月,上海-浦东新区,民营公司,1年经验,6,招1人,五险一金 交通补贴 餐饮补贴 年终奖金 定期体检,150-500人
922,前端开发,Web前端开发,前端开发工程师,上海优木电子商务有限公司,1-1.5万/月,上海-嘉定区,民营公司,2年经验,5,招1人,,少于50人
923,前端开发,Web前端开发,前端开发工程师,江苏国瑞信安科技有限公司,1.7-2万/月,上海-普陀区,民营公司,2年经验,6,招1人,餐饮补贴 员工旅游 专业培训 绩效奖金 定期体检 五险一金,150-500人
924,前端开发,Web前端开发,前端页面工程师/JS工程师（上海）,英立视数码电视集团,6-8千/月,上海-闵行区,外资（欧美）,1年经验,5,招1人,五险一金 绩效奖金 年终奖金,150-500人
925,前端开发,Web前端开发,前端开发工程师,上海微澜软件技术有限公司,0.8-1.5万/月,上海-松江区,民营公司,2年经验,6,招1人,,150-500人
926,前端开发,Web前端开发,Web前端开发工程师,上海蔚建科技有限公司,1.5-2万/月,上海-宝山区,合资,2年经验,6,招1人,五险一金 交通补贴 通讯补贴 定期体检,
927,前端开发,Web前端开发,前端开发工程师,上海瑞眼科技有限公司,1.5-2万/月,上海-杨浦区,民营公司,2年经验,6,招1人,五险一金 周末双休 立即上岗 补充医疗保险 定期体检 年终奖金 员工旅游 节假日福利 带薪年假 技术大牛,50-150人
928,前端开发,Web前端开发,Web前端开发工程师,上海复软信息科技有限公司,0.6-1万/月,上海-徐汇区,民营公司,2年经验,5,招1人,做五休二 五险一金 周末双休 绩效奖金 交通补贴 通讯补贴,少于50人
929,前端开发,Web前端开发,前端开发工程师,上海永乾科技工程有限公司,1.2-1.8万/月,上海-闵行区,合资,1年经验,6,招1人,,少于50人
930,前端开发,Web前端开发,急招前端开发,华夏盛德科技发展（上海）有限公司,0.8-1万/月,上海-杨浦区,民营公司,3-4年经验,5,招1人,五险一金 员工旅游 专业培训 出国机会 定期体检 年终奖金 绩效奖金,50-150人
931,前端开发,Web前端开发,前端开发工程师,上海卉曼信息科技有限公司,1.5-2万/月,上海-黄浦区,民营公司,3-4年经验,5,招1人,五险一金 弹性工作 定期体检 通讯补贴,150-500人
932,前端开发,Web前端开发,Web前端开发工程师,杭州图序信息技术有限公司,1-1.5万/月,上海-徐汇区,民营公司,2年经验,6,招5人,交通补贴 餐饮补贴 年终奖金 弹性工作 五险一金,50-150人
933,前端开发,Web前端开发,前端开发工程师,上海国泉科技有限公司,1-1.8万/月,上海-静安区,民营公司,5-7年经验,5,招2人,五险一金 绩效奖金 餐饮补贴 交通补贴 通讯补贴 年终奖金,150-500人
934,前端开发,Web前端开发,Web前端开发工程师,上海吉舍云计算机技术有限公司,1-1.3万/月,上海-杨浦区,民营公司,1年经验,6,招2人,,少于50人
935,前端开发,Web前端开发,前端开发工程师,上海精鲲计算机科技有限公司,1.5-2万/月,上海-杨浦区,民营公司,5-7年经验,6,招3人,,50-150人
936,前端开发,Web前端开发,Web前端开发工程师,滴翠智能科技（上海）有限公司,1.2-2万/月,上海-松江区,民营公司,3-4年经验,6,招2人,,50-150人
937,前端开发,Web前端开发,高级前端开发工程师,HCL Technologies (Shanghai) Limited,1.5-2万/月,上海,外资（非欧美）,3-4年经验,6,招2人,五险一金 补充医疗保险 员工旅游 年终奖金 出国机会 定期体检 带薪年假,500-1000人
938,前端开发,Web前端开发,Web前端/微信程序开发工程师,上海盟锐信息科技有限公司,1-2万/月,上海-松江区,民营公司,3-4年经验,5,招若干人,五险一金 餐饮补贴,少于50人
939,前端开发,Web前端开发,前端开发工程师,上海宇臻科技有限公司,0.8-1.5万/月,上海-松江区,民营公司,2年经验,5,招2人,五险一金 餐饮补贴 绩效奖金 年终奖金,少于50人
940,前端开发,Web前端开发,前端开发工程师,上海数禾信息科技有限公司,2-5万/月,上海-浦东新区,民营公司,5-7年经验,6,招2人,补充公积金 餐饮补贴 通讯补贴 交通补贴 定期体检,150-500人
941,前端开发,Web前端开发,中高级前端开发-上海-05721,博彦科技股份有限公司,1.5-1.9万/月,上海,外资（欧美）,3-4年经验,6,招7人,,10000人以上
942,前端开发,Web前端开发,Web前端开发工程师,上海分值医学科技有限公司,1-1.5万/月,上海-徐汇区,民营公司,2年经验,6,招若干人,,50-150人
943,前端开发,Web前端开发,Web前端开发工程师,萨孚凯信息系统技术（北京）有限公司上海分公司,1.5-2万/月,上海,外资（欧美）,3-4年经验,6,招若干人,五险一金 补充医疗保险 专业培训 定期体检 餐饮补贴 年终奖金 出国机会,1000-5000人
944,前端开发,Web前端开发,Web前端开发工程师,上海胜扬信息科技有限公司,0.8-1万/月,上海-徐汇区,民营公司,2年经验,5,招3人,,
945,前端开发,Web前端开发,前端开发工程师,上海坦思计算机系统股份有限公司,1-1.5万/月,上海-普陀区,民营公司,2年经验,6,招3人,五险一金 绩效奖金 年终奖金 定期体检 带薪假期,少于50人
946,前端开发,Web前端开发,Web前端开发工程师,上海凯源软件技术有限公司,6-8千/月,上海-浦东新区,民营公司,1年经验,6,招1人,,少于50人
947,前端开发,Web前端开发,前端开发工程师,安徽酷哇机器人有限公司,1.5-2.5万/月,上海-徐汇区,民营公司,3-4年经验,6,招若干人,五险一金 带薪年假,50-150人
948,前端开发,Web前端开发,Web前端开发工程师,上海必盈特软件系统有限公司,6-8千/月,上海,合资,1年经验,6,招1人,定期体检 年终奖金 五险一金 绩效奖金 员工公寓 专业培训,50-150人
949,前端开发,Web前端开发,前端开发工程师,北京易诚互动网络技术有限公司,1-1.5万/月,上海-浦东新区,民营公司,3-4年经验,6,招若干人,五险一金 通讯补贴 定期体检 餐饮补贴,1000-5000人
950,前端开发,Web前端开发,前端开发工程师,上海泓蔓信息科技有限公司,1.5-2万/月,上海-普陀区,民营公司,3-4年经验,6,招2人,五险一金 创业公司 绩效奖金,
951,前端开发,Web前端开发,前端开发工程师,上海秉坤数码科技有限公司,0.9-1.4万/月,上海-长宁区,合资,1年经验,6,招1人,五险一金 员工旅游 餐饮补贴 绩效奖金 弹性工作 年终奖金 定期体检,150-500人
952,前端开发,Web前端开发,web工程师,嘉仕软件江苏有限公司,1-1.5万/月,上海-松江区,合资,3-4年经验,6,招3人,,50-150人
953,前端开发,Web前端开发,前端开发工程师(J10306),深圳华锐金融技术股份有限公司,1.4-2.8万/月,上海,民营公司,1年经验,6,招1人,五险一金 年终奖金 股票期权 定期体检 无限水果零食 员工食堂 加班补贴 节日福利 带薪年假,500-1000人
954,前端开发,Web前端开发,Web前端开发工程师,沈阳韩邦软件开发有限公司,1.5-2万/月,上海-浦东新区,外资（非欧美）,3-4年经验,5,招若干人,五险一金 免费班车 员工旅游 年终奖金 绩效奖金 交通补贴 出国机会,少于50人
955,前端开发,Web前端开发,Web前端开发工程师,上海数捷信息科技有限公司,1.2-2万/月,上海-浦东新区,民营公司,2年经验,5,招5人,,少于50人
956,前端开发,Web前端开发,Web前端开发工程师,岐黄在线（上海）智能科技有限公司,1.2-1.8万/月,上海-浦东新区,民营公司,2年经验,6,招1人,五险一金 餐饮补贴 专业培训 年终奖金,50-150人
957,前端开发,Web前端开发,Web前端开发工程师,深圳市长亮科技股份有限公司,1-1.5万/月,上海-浦东新区,上市公司,2年经验,6,招若干人,五险一金 补充医疗保险 员工旅游 餐饮补贴 专业培训 年终奖金 弹性工作 定期体检,1000-5000人
958,前端开发,Web前端开发,Web前端开发工程师,九晓（上海）信息技术有限公司,0.8-1.5万/月,上海-静安区,民营公司,3-4年经验,6,招1人,,少于50人
959,前端开发,Web前端开发,前端开发工程师（医保事业部）,创业慧康科技股份有限公司,1.2-2万/月,上海-闵行区,上市公司,3-4年经验,6,招1人,带薪年假 五险一金 交通补贴 餐饮补贴 通讯补贴 年终奖金,1000-5000人
960,前端开发,Web前端开发,前端工程师,上海橙域网络科技有限公司,1-1.8万/月,上海,民营公司,1年经验,6,招1人,五险一金 员工旅游 交通补贴 年终奖金 定期体检 节日福利 专业培训,50-150人
961,前端开发,Web前端开发,React前端开发工程师,上海怒吼数据科技有限公司,1.5-2万/月,上海-浦东新区,民营公司,3-4年经验,6,招2人,五险一金 餐饮补贴 员工旅游 股票期权 年终奖金 绩效奖金,少于50人
962,前端开发,Web前端开发,webgl三维（Threejs）开发工程师,上海臻图信息技术有限公司,1.2-1.6万/月,上海-闵行区,民营公司,3-4年经验,5,招若干人,五险一金 绩效奖金 周末双休 带薪年假 项目奖金 带团队 创业公司 公司重点项目,少于50人
963,前端开发,Web前端开发,高级前端开发工程师,上海软信计算机科技有限公司,2-2.5万/月,上海-虹口区,民营公司,8-9年经验,5,招2人,,少于50人
964,前端开发,Web前端开发,前端开发工程师,一泽信息科技（上海）有限公司,1-1.5万/月,上海-长宁区,民营公司,2年经验,6,招2人,,少于50人
965,前端开发,Web前端开发,高级web前端开发,上海威昇科技有限公司,2.5-3万/月,上海-浦东新区,民营公司,5-7年经验,5,招1人,五险一金 员工旅游 餐饮补贴 出国机会 年终奖金 股票期权,50-150人
966,前端开发,Web前端开发,Java开发工程师,上海屹通信息科技发展有限公司,1.3-1.8万/月,上海-浦东新区,上市公司,3-4年经验,6,招2人,五险一金 专业培训 餐饮补贴,1000-5000人
967,前端开发,Web前端开发,前端开发工程师,上海扶丕悌软件有限公司,,上海-闵行区,外资（非欧美）,3-4年经验,6,招若干人,五险一金 出国机会,10000人以上
968,前端开发,Web前端开发,前端架构/开发工程师,上海树库智能科技有限公司,1-1.5万/月,上海-静安区,民营公司,2年经验,6,招1人,,
969,前端开发,Web前端开发,前端开发工程师,直猎（上海）网络科技有限公司,1-1.5万/月,上海-徐汇区,民营公司,1年经验,6,招1人,,少于50人
970,前端开发,Web前端开发,Web前端开发工程师,上海集川信息科技有限公司,1-1.5万/月,上海-杨浦区,民营公司,2年经验,6,招3人,五险一金 餐饮补贴 绩效奖金,少于50人
971,前端开发,Web前端开发,高级前端开发工程师,上海海鼎信息工程股份有限公司,1.5-2万/月,上海-闵行区,民营公司,3-4年经验,6,招1人,绩效奖金 年终奖金 专业培训 五险一金 补充公积金 餐饮补贴 员工旅游,500-1000人
972,前端开发,Web前端开发,高级web 前端工程师,上海曼光信息科技有限公司,1.5-2万/月,上海-浦东新区,创业公司,3-4年经验,5,招1人,,少于50人
973,前端开发,Web前端开发,Web前端开发工程师,上海蜂电网络科技有限公司,0.7-1万/月,上海-浦东新区,合资,3-4年经验,6,招2人,五险一金 员工旅游 年终奖金,50-150人
974,前端开发,Web前端开发,Web前端开发工程师,上海桓正信息技术有限公司,1-1.5万/月,上海-浦东新区,民营公司,1年经验,6,招若干人,,少于50人
975,前端开发,Web前端开发,Web前端开发工程师,Endeavor Streaming China,2-2.2万/月,上海-长宁区,外资（欧美）,3-4年经验,6,招若干人,五险一金 员工旅游 餐饮补贴 通讯补贴 出国机会 年终奖金 定期体检 专业培训,500-1000人
976,前端开发,Web前端开发,Web前端开发工程师（驻场实施）,广州源创信息科技有限公司,1.5-2.5万/月,上海-虹口区,民营公司,3-4年经验,6,招若干人,,50-150人
977,前端开发,Web前端开发,Web前端开发工程师,昆山华信软件技术有限公司,2-2.5万/月,上海-浦东新区,民营公司,3-4年经验,5,招3人,,500-1000人
978,前端开发,Web前端开发,Web前端开发工程师(EXTJS6),上海川源信息科技有限公司,1.5-2万/月,上海-浦东新区,民营公司,2年经验,6,招若干人,五险一金 员工旅游 专业培训 年终奖金 弹性工作 股票期权 绩效奖金,50-150人
979,前端开发,Web前端开发,前端开发工程师,上海金仕达成括信息科技有限公司,1-1.5万/月,上海,民营公司,1年经验,6,招1人,,1000-5000人
980,前端开发,Web前端开发,前端开发工程师,上海允弈信息科技有限公司,1-2万/月,上海-浦东新区,民营公司,3-4年经验,6,招2人,五险一金,50-150人
981,前端开发,Web前端开发,Web前端开发工程师,上海数设科技有限公司,1-1.8万/月,上海-浦东新区,民营公司,1年经验,6,招2人,五险一金 年终奖金 13薪 定期团建 加班福利,少于50人
982,前端开发,Web前端开发,Web前端开发工程师,31会议,1.5-3万/月,上海-浦东新区,合资,3-4年经验,6,招2人,五险一金 员工旅游 餐饮补贴 通讯补贴 专业培训 绩效奖金 年终奖金 定期体检,150-500人
983,前端开发,Web前端开发,前端开发,大连协泰科技有限公司,1-2万/月,上海-浦东新区,民营公司,5-7年经验,6,招若干人,五险一金 交通补贴 餐饮补贴 专业培训 出国机会,50-150人
984,前端开发,Web前端开发,前端开发工程师,拙思信息科技（上海）有限公司,1.1-1.6万/月,上海-徐汇区,民营公司,2年经验,5,招6人,五险一金 年终奖金 周末双休 节假日福利,50-150人
985,前端开发,Web前端开发,前端开发工程师,上海智能网联汽车技术中心有限公司,1.2-2.5万/月,上海-奉贤区,国企,2年经验,6,招1人,五险一金 免费班车 弹性工作 餐饮补贴 绩效奖金 交通补贴 定期体检 专业培训,50-150人
986,前端开发,Web前端开发,VUE开发工程师,上海思加软件有限公司,0.8-1万/月,上海-长宁区,民营公司,3-4年经验,5,招2人,,50-150人
987,前端开发,Web前端开发,CocosCreator开发工程师/前端开发工程师,青岛培诺教育科技股份有限公司,1.5-2万/月,异地招聘,上市公司,3-4年经验,5,招1人,加班补贴 节日福利 五险一金 带薪年假 专业培训 免费班车,500-1000人
988,前端开发,Web前端开发,Web前端开发工程师,五四互娱,1-1.5万/月,上海-浦东新区,民营公司,3-4年经验,6,招1人,交通补贴 餐饮补贴 带薪年假 绩效奖金,150-500人
989,前端开发,Web前端开发,Web前端开发工程师,上海中兆信息技术有限公司,10-15万/年,上海-长宁区,国企,1年经验,6,招若干人,五险一金 绩效奖金 年终奖金 定期体检,50-150人
990,前端开发,Web前端开发,前端开发工程师,上海微元计算机系统集成有限公司,1-1.8万/月,上海-浦东新区,民营公司,2年经验,6,招3人,五险一金 弹性工作 绩效奖金 员工旅游 专业培训 年终奖金 股票期权,50-150人
991,前端开发,Web前端开发,Angular Web Developer,高知特信息技术（上海）有限公司 Cognizant Technology Solutions,2-2.5万/月,上海-浦东新区,外资（欧美）,5-7年经验,6,招5人,,1000-5000人
992,前端开发,Web前端开发,Web前端开发工程师,黑龙江海康软件工程有限公司,1-1.5万/月,上海-闵行区,民营公司,3-4年经验,6,招若干人,,50-150人
993,前端开发,Web前端开发,Web前端开发工程师,上海嗖嗖医疗技术服务有限公司,1-1.8万/月,上海-青浦区,民营公司,2年经验,6,招1人,做五休二 周末双休 带薪年假 五险一金 绩效奖金 节日福利 专业培训 加班补贴 年终奖金 股票期权,50-150人
994,前端开发,Web前端开发,高级web前端开发工程师,浙江大华技术股份有限公司,1.5-2.5万/月,上海-普陀区,民营公司,5-7年经验,6,招2人,五险一金 餐饮补贴 专业培训 年终奖金 补充医疗保险 免费班车 通讯补贴,5000-10000人
995,前端开发,Web前端开发,Web前端开发工程师,北京爱乐仕商贸有限公司,1-1.5万/月,上海-松江区,民营公司,1年经验,5,招1人,五险一金 员工旅游 年终奖金 弹性工作 交通补贴,少于50人
996,前端开发,Web前端开发,前端开发工程师（小程序方向）13薪 浮动年终奖,上海鲸创电子科技有限公司,1-1.5万/月,上海-闵行区,创业公司,2年经验,5,招若干人,五险一金 员工旅游 年终奖金 通讯补贴 定期体检 餐饮补贴 绩效奖金,少于50人
997,前端开发,Web前端开发,前端工程师（上海）,杭州云徙科技有限公司,2-2.5万/月,上海-闵行区,民营公司,5-7年经验,5,招若干人,五险一金 弹性工作 餐饮补贴 绩效奖金 专业培训,150-500人
998,前端开发,Web前端开发,前端开发工程师,上海企越信息技术有限公司,1.5-2万/月,上海-浦东新区,创业公司,3-4年经验,6,招10人,,50-150人
999,前端开发,Web前端开发,Web前端开发,千城智联（上海）网络科技有限公司,1-1.5万/月,上海-长宁区,民营公司,1年经验,5,招1人,餐饮补贴 五险一金 全勤奖 带薪年假,50-150人
1000,前端开发,Web前端开发,高级web前端开发工程师,脉云软件（上海）有限公司,1.5-2.5万/月,上海-静安区,民营公司,5-7年经验,6,招若干人,五险一金 餐饮补贴 绩效奖金 下午茶零食,少于50人
1001,前端开发,Web前端开发,前端开发工程师,上海亿通国际股份有限公司,1.5-2万/月,上海,国企,2年经验,6,招1人,五险一金 补充医疗保险 交通补贴 餐饮补贴 通讯补贴 专业培训 年终奖金 绩效奖金 定期体检,150-500人
1002,前端开发,Web前端开发,前端开发工程师,上海金鑫计算机系统工程股份有限公司,1.3-1.8万/月,上海-普陀区,民营公司,3-4年经验,6,招若干人,五险一金 员工旅游 餐饮补贴 专业培训 绩效奖金 定期体检 年终奖金,50-150人
1003,前端开发,Web前端开发,前端开发工程师,从奥软件（上海）有限公司,5-7千/月,上海-闵行区,民营公司,1年经验,5,招5人,五险一金 专业培训 弹性工作 年终奖金 绩效奖金,少于50人
1004,前端开发,Web前端开发,Web前端开发工程师,上海秦唐信息技术有限公司,0.9-1.5万/月,上海-闵行区,民营公司,2年经验,6,招1人,五险一金 年终奖金,50-150人
1005,前端开发,Web前端开发,高级前端开发工程师,上海智和信息技术有限公司,1.5-2万/月,上海-徐汇区,民营公司,3-4年经验,5,招若干人,五险一金 年终奖金 员工旅游 定期体检,50-150人
1006,前端开发,Web前端开发,前端开发工程师,中云开源数据技术（上海）有限公司,0.6-1万/月,上海-浦东新区,民营公司,1年经验,5,招3人,带薪年假 周末双休 五险一金 餐饮补贴 年终奖金,少于50人
1007,前端开发,Web前端开发,Web开发工程师,上海丛数智能科技有限公司,1-1.5万/月,上海,民营公司,3-4年经验,6,招1人,,
1008,前端开发,Web前端开发,前端开发工程师（react）,上海鲁班软件股份有限公司,1.5-3万/月,上海-杨浦区,民营公司,3-4年经验,5,招若干人,五险一金 专业培训 绩效奖金 股票期权 年终奖金 定期体检,500-1000人
1009,前端开发,Web前端开发,Web前端开发工程师,郑州炬承信息技术有限公司,0.8-1.2万/月,上海-浦东新区,民营公司,3-4年经验,5,招若干人,五险一金 节日福利 生日红包,50-150人
1010,前端开发,Web前端开发,Web前端开发工程师,广州碧软信息科技有限公司,1-1.5万/月,上海-浦东新区,合资,2年经验,5,招若干人,五险一金 补充医疗保险 员工旅游 绩效奖金 年终奖金 定期体检,500-1000人
1011,前端开发,Web前端开发,前端开发,苏州市宝阙楼电子商务有限公司,1-1.5万/月,上海-徐汇区,民营公司,2年经验,5,招5人,,50-150人
1012,前端开发,Web前端开发,WEB前端开发工程师,上海眼控科技股份有限公司,1.5-2.5万/月,上海-徐汇区,民营公司,3-4年经验,6,招3人,弹性工作 带薪年假 五险一金 绩效奖金 节日福利 餐饮补贴 年终奖金 股票期权 出国机会 员工旅游,150-500人
1013,前端开发,Web前端开发,Web前端开发工程师,上海沙漠泉眼网络科技有限公司,0.8-1.6万/月,上海-闵行区,合资,3-4年经验,6,招若干人,做五休二 五险一金 全勤奖 带薪年假,50-150人
1014,前端开发,Web前端开发,Web前端开发工程师,上海菲耐得信息科技有限公司,1.5-2万/月,上海-徐汇区,上市公司,3-4年经验,5,招若干人,五险一金 年终奖金 弹性工作 定期体检,500-1000人
1015,前端开发,Web前端开发,Frontend Development Engineer,医科达（上海）医疗器械有限公司,2-3万/月,上海-浦东新区,外资（欧美）,3-4年经验,6,招2人,周末双休 带薪年假 节日福利 五险一金 补充医疗保险 年终奖金 弹性工作,500-1000人
1016,前端开发,Web前端开发,web前端,秦皇岛环颖科技有限公司,1.5-2万/月,上海,民营公司,5-7年经验,6,招2人,,
1017,前端开发,Web前端开发,前端开发工程师,上海天耘信息科技有限公司,0.9-1.2万/月,上海-长宁区,民营公司,3-4年经验,6,招若干人,五险一金 员工旅游 绩效奖金 专业培训 周末双休 团建活动,少于50人
1018,前端开发,Web前端开发,Web前端开发工程师,上海页溪网络科技有限公司,1.5-2万/月,上海-宝山区,民营公司,3-4年经验,,招2人,,少于50人
1019,前端开发,Web前端开发,高级前端开发工程师,上海数禧信息科技服务有限公司,1.5-2.5万/月,上海-徐汇区,民营公司,3-4年经验,5,招若干人,五险一金 专业培训 年终奖金 绩效奖金 员工旅游,50-150人
1020,前端开发,Web前端开发,Web前端开发工程师,上海墨安信息科技有限公司,1-1.5万/月,上海-徐汇区,民营公司,2年经验,6,招2人,,50-150人
1021,前端开发,Web前端开发,前端开发工程师,北京新宇智慧信息技术有限公司,1-1.5万/月,上海-徐汇区,民营公司,3-4年经验,5,招1人,周末双休 带薪年假 节日福利 五险一金 员工旅游 绩效奖金 年终奖金,150-500人
1022,前端开发,Web前端开发,web前端开发工程师,上海毅朝信息科技有限公司,1-1.5万/月,上海-浦东新区,民营公司,2年经验,5,招若干人,交通补贴 餐饮补贴 通讯补贴 五险一金 年终奖金 定期体检 员工旅游,50-150人
1023,前端开发,Web前端开发,.NET开发工程师,上海志心泉系统软件有限公司,0.8-1万/月,上海,民营公司,2年经验,5,招2人,五险一金 餐饮补贴 通讯补贴 绩效奖金 年终奖金 交通补贴 专业培训,50-150人
1024,前端开发,Web前端开发,Web前端开发工程师,金锐软件技术（杭州）有限公司,1.5-2万/月,上海-浦东新区,民营公司,3-4年经验,6,招2人,,
1025,前端开发,Web前端开发,web前端开发2年,致想管理咨询（上海）有限公司,0.9-1.1万/月,上海-浦东新区,合资,2年经验,5,招3人,五险一金 补充医疗保险 补充公积金 员工旅游 年终奖金 绩效奖金 餐饮补贴,少于50人
1026,前端开发,Web前端开发,Web前端工程师,芯华章科技股份有限公司,1.8-3.5万/月,上海-浦东新区,民营公司,3-4年经验,6,招1人,五险一金 补充医疗保险 补充公积金 免费班车 年终奖金 交通补贴 餐饮补贴 定期体检,150-500人
1027,前端开发,Web前端开发,前端工程师（JR2bp）(J12604),北京东方国信科技股份有限公司,1-2万/月,上海,上市公司,2年经验,6,招4人,五险一金 年终奖金 定期体检 专业培训,5000-10000人
1028,前端开发,Web前端开发,Web前端开发工程师,上海龙泰信息技术有限公司,0.6-1.5万/月,上海-浦东新区,民营公司,1年经验,6,招1人,,少于50人
1029,前端开发,Web前端开发,Web前端开发工程师,上海翔竑信息技术有限公司,20-35万/年,上海-普陀区,民营公司,5-7年经验,6,招3人,弹性工作 年终奖金 绩效奖金 交通补贴 五险一金,少于50人
1030,前端开发,Web前端开发,前端开发工程师,优刻得科技股份有限公司,1-4万/月,上海,民营公司,3-4年经验,6,招若干人,五险一金 补充医疗保险 员工旅游 专业培训 绩效奖金 年终奖金 弹性工作 定期体检,1000-5000人
1031,前端开发,Web前端开发,资深前端开发工程师,上海翰萨智能科技有限公司,2-2.5万/月,上海-浦东新区,民营公司,3-4年经验,6,招若干人,五险一金 绩效奖金 带薪年假 节日福利 通讯补贴 定期体检 扁平管理 领导好,50-150人
1032,前端开发,Web前端开发,web前端/h5研发工程师（中级）,上海证申信息服务有限公司,20-30万/年,上海-静安区,国企,3-4年经验,6,招若干人,五险一金 补充医疗保险 补充公积金 专业培训 绩效奖金 年终奖金 定期体检,150-500人
1033,前端开发,Web前端开发,web前端开发工程师,上海金戈马软件有限公司,0.6-1万/月,上海-闵行区,民营公司,3-4年经验,5,招2人,五险一金 专业培训 餐饮补贴 绩效奖金 年终奖金,少于50人
1034,前端开发,Web前端开发,前端开发,浙江优创信息技术有限公司,1-1.4万/月,上海-浦东新区,民营公司,3-4年经验,6,招15人,五险一金 员工旅游 年终奖金 专业培训 提供住宿,500-1000人
1035,前端开发,Web前端开发,前端工程师,上海艾匀信息科技有限公司,1-1.5万/月,上海-普陀区,民营公司,3-4年经验,5,招5人,股票期权 绩效奖金 年终奖金 五险一金 专业培训 弹性工作 员工旅游 定期体检,50-150人
1036,前端开发,Web前端开发,资深前端开发,上海甚解信息技术有限公司,1-2万/月,上海-徐汇区,民营公司,1年经验,6,招1人,,50-150人
1037,前端开发,Web前端开发,中级Web前端开发工程师,新疆子畅软件有限公司,1-3万/月,上海,民营公司,3-4年经验,6,招2人,五险一金 补充医疗保险 补充公积金 绩效奖金 年终奖金 定期体检 专业培训,少于50人
1038,前端开发,Web前端开发,Web前端开发工程师,上海码岛科技股份有限公司,0.6-1万/月,上海-浦东新区,民营公司,2年经验,5,招若干人,五险一金,少于50人
1039,前端开发,Web前端开发,高级Web开发人员（全栈）,柯镂软件开发（上海）有限公司,1.5-3万/月,上海-闵行区,外资（非欧美）,5-7年经验,6,招若干人,,少于50人
1040,前端开发,Web前端开发,Web前端开发工程师,欧睿恒（大连）信息技术有限公司,2-4万/月,上海-杨浦区,民营公司,5-7年经验,6,招若干人,五险一金 补充医疗保险 年终奖金 定期体检 股票期权 绩效奖金 专业培训,500-1000人
1041,前端开发,Web前端开发,前端开发工程师,上海小匆信息科技有限责任公司,1-2万/月,上海-闵行区,民营公司,3-4年经验,6,招2人,,少于50人
1042,前端开发,Web前端开发,前端开发工程师,上海期程信息科技有限公司,1-1.5万/月,上海-浦东新区,民营公司,3-4年经验,6,招1人,五险一金 补充医疗保险 补充公积金 定期体检,少于50人
1043,前端开发,Web前端开发,前端开发工程师,上海孟伯智能物联网科技有限公司,0.8-1.5万/月,上海-杨浦区,合资,1年经验,6,招3人,五险一金 免费班车 餐饮补贴 年终奖金 绩效奖金 专业培训,少于50人
1044,前端开发,Web前端开发,软件建模工程师,米巴赫（上海）工程科技有限公司,1-1.5万/月,上海-普陀区,合资,1年经验,6,招1人,五险一金 带薪年假 年终奖金 弹性工作 年轻，有活力 上升期空间大 行业领先 交通便利,少于50人
1045,前端开发,Web前端开发,可视化开发工程师,北京伯凯科技有限公司,1.5-2万/月,上海-浦东新区,外资（欧美）,5-7年经验,5,招1人,五险一金 补充医疗保险 补充公积金 员工旅游,10000人以上
1046,前端开发,Web前端开发,.net软件开发项目经理,桂林奥普计算机网络集团有限公司,1-3万/月,异地招聘,民营公司,5-7年经验,6,招5人,周末双休 带薪年假 五险一金 通讯补贴 绩效奖金 年终奖金 电脑补助 生辰礼物 亲属关怀 项目奖金,50-150人
1047,前端开发,Web前端开发,UI设计,上海宗升工程科技有限公司,0.7-1.5万/月,上海-浦东新区,民营公司,3-4年经验,5,招5人,五险一金 交通补贴 餐饮补贴 带薪年假 节目福利 周末双休,少于50人
1048,前端开发,Web前端开发,开发测试工程师,赫里普（上海）信息科技有限公司,0.8-1.3万/月,上海-浦东新区,合资,2年经验,6,招若干人,五险一金 定期体检 年终奖金 专业培训 餐饮补贴,50-150人
1049,前端开发,Web前端开发,前端开发工程师（上海）,广州南方测绘科技股份有限公司广州分公司,0.7-1.5万/月,上海,民营公司,在校生/应届生,6,招1人,,
1050,前端开发,Web前端开发,2021 Intern - Front-end （UI） Developer Intern,戴尔（中国）有限公司,1.5千以下/月,上海,外资（欧美）,在校生/应届生,6,招若干人,,
1051,前端开发,Web前端开发,Web前端工程师（校招）,上海乐言科技股份有限公司,1-1.5万/月,上海,民营公司,在校生/应届生,6,招若干人,,
1052,前端开发,Web前端开发,Web开发工程师（上海）,江苏满运软件科技有限公司,1-2.5万/月,上海,民营公司,在校生/应届生,6,招若干人,,
1053,前端开发,Web前端开发,技培生,上海华虹计通智能系统股份有限公司,0.8-1.2万/月,上海-浦东新区,上市公司,在校生/应届生,6,招5人,五险一金 补充医疗保险 交通补贴 餐饮补贴 通讯补贴 定期体检 绩效奖金,150-500人
1054,前端开发,Web前端开发,Web开发工程师,上海前滩新兴产业研究院,0.7-1.2万/月,上海-浦东新区,民营公司,在校生/应届生,6,招2人,五险一金 员工旅游 年终奖金 定期体检 做五休二 高温补贴,少于50人
1055,前端开发,Web前端开发,前端开发工程师（上海）,上海清鹤科技股份有限公司,1-1.5万/月,上海,合资,在校生/应届生,6,招若干人,,
1056,前端开发,Web前端开发,前端开发工程师（上海）,上海清鹤科技股份有限公司,1-1.7万/月,上海,合资,在校生/应届生,6,招若干人,,
1057,前端开发,Web前端开发,（22届）前端开发工程师-上海,同程网络科技股份有限公司,1-1.5万/月,上海,民营公司,在校生/应届生,6,招若干人,,
1058,前端开发,Web前端开发,前端开发（2021届）（上海）,深圳索信达数据技术有限公司,0.8-1.5万/月,上海,民营公司,在校生/应届生,6,招若干人,,
1059,前端开发,Web前端开发,Web前端开发工程师,万得信息技术股份有限公司,1-2万/月,上海,民营公司,在校生/应届生,6,招30人,,
1060,前端开发,Web前端开发,前端工程师（上海）,上海甄汇信息科技有限公司,1-1.5万/月,上海,民营公司,在校生/应届生,6,招10人,,
1061,前端开发,Web前端开发,web前端开发工程师\vue,上海杰程信息科技有限公司,1.2-2.5万/月,上海-普陀区,民营公司,在校生/应届生,5,招若干人,五险一金 定期体检 员工旅游 年终奖金 周末双休 带薪年假,50-150人
1062,前端开发,Web前端开发,web前端开发工程师,通维数码科技（上海）有限公司,0.8-1.1万/月,上海,外资（欧美）,在校生/应届生,6,招3人,,150-500人
1063,前端开发,Web前端开发,前端工程师（2021届应届生）,上海凡米智能科技有限公司,14-22万/年,上海-闵行区,民营公司,在校生/应届生,6,招若干人,五险一金 员工旅游 交通补贴 餐饮补贴 通讯补贴 绩效奖金 年终奖金 股票期权 高速发展期,50-150人
1064,前端开发,Web前端开发,Web前端开发实习生,苏州宽敬信息科技有限公司,6-8千/月,上海,民营公司,在校生/应届生,5,招1人,五险一金 包吃包住 出国机会 年终奖金 节日福利 周末双休,少于50人
1065,前端开发,Web前端开发,前端开发工程师,上海快仓智能科技有限公司,0.8-1.3万/月,上海-徐汇区,民营公司,在校生/应届生,6,招若干人,五险一金 餐饮补贴 弹性工作 定期体检 补充公积金 员工旅游 交通补贴 年终奖金 绩效奖金,150-500人
1066,前端开发,Web前端开发,WEB前端开发-面向2022届应届本科生暑期实习岗,上海匡衡信息技术有限公司,200元/天,上海-静安区,民营公司,在校生/应届生,6,招若干人,,50-150人
1067,前端开发,Web前端开发,前端实习生,上海域乎信息技术有限公司,4-8千/月,上海-杨浦区,民营公司,在校生/应届生,6,招5人,五险一金 员工旅游 专业培训 绩效奖金 年终奖金 股票期权 定期体检,少于50人
1068,前端开发,Web前端开发,WebGL图形引擎研发工程师,上海城建信息科技有限公司,1.5-3万/月,上海-浦东新区,国企,在校生/应届生,6,招若干人,,50-150人
1069,前端开发,Web前端开发,Web前端开发工程师,上海瑞职企业管理咨询有限公司,1-1.5万/月,上海-浦东新区,合资,在校生/应届生,5,招若干人,,50-150人
1070,前端开发,Web前端开发,软件开发实习生,尚励信息技术（上海）有限公司,150元/天,上海-浦东新区,外资（欧美）,在校生/应届生,6,招若干人,,50-150人
1071,前端开发,Web前端开发,前端实习生,达观数据,200元/天,上海-浦东新区,民营公司,在校生/应届生,6,招2人,技术领先 成长性行业 优秀团队 工作氛围佳 弹性工作,150-500人
1072,前端开发,Web前端开发,Web前端开发工程师（VUE）,纬创资通（上海）有限公司,6-8千/月,上海,外资（非欧美）,在校生/应届生,6,招若干人,五险一金,50-150人
1073,前端开发,Web前端开发,前端开发工程师,杭州云合智网技术有限公司,0.6-1万/月,异地招聘,民营公司,在校生/应届生,7,招5人,,50-150人
1074,前端开发,Web前端开发,Web前端开发工程师实习生,上海新致软件股份有限公司,150元/天,上海-浦东新区,合资,在校生/应届生,6,招10人,,1000-5000人
1075,前端开发,Web前端开发,软件开发工程师,上海锐智集数电子有限公司,0.8-1万/月,上海-嘉定区,民营公司,在校生/应届生,6,招2人,五险一金 餐饮补贴 通讯补贴 年终奖金 交通补贴 员工旅游,50-150人
1076,前端开发,Web前端开发,实施工程师,云聚数据科技（上海）有限公司,3.5-7千/月,异地招聘,民营公司,在校生/应届生,6,招6人,五险一金 免费班车 周末双休 节日福利,150-500人
1077,前端开发,Web前端开发,Web前端开发工程师,登攀（上海）信息系统有限公司,1.5-2千/月,上海-徐汇区,外资（非欧美）,3-4年经验,,招20人,,少于50人
1078,前端开发,Web前端开发,前端开发工程师,NTT DATA（中国）有限公司,1.5千以下/月,上海-闵行区,外资（非欧美）,3-4年经验,6,招1人,五险一金 补充医疗保险 年终奖金 弹性工作 定期体检 500强,500-1000人
1079,前端开发,Web前端开发,中级前端开发工程师—上海连通技术,大连信雅达软件有限公司,1.5-2千/月,上海,,3-4年经验,6,招3人,,150-500人
1080,前端开发,Web前端开发,前端开发,上海鸿祚信息技术有限公司,3.5-7千/月,上海-闵行区,民营公司,招2人,,招2人,五险一金,少于50人
1081,前端开发,Web前端开发,Web/H5前端开发工程师,上海高重信息科技有限公司,2万以下/年,上海-普陀区,民营公司,3-4年经验,6,招若干人,五险一金 员工旅游 年终奖金 定期体检,150-500人
1082,前端开发,Web前端开发,前端开发工程师,Alten China Limited,1.5-2千/月,上海-杨浦区,外资（欧美）,3-4年经验,6,招2人,五险一金 补充医疗保险 弹性工作 十三薪 带薪年假 过节福利,500-1000人
1083,前端开发,Web前端开发,Java开发工程师,上海沸橙信息科技有限公司,1.5千以下/月,上海-浦东新区,民营公司,3-4年经验,6,招1人,,50-150人
1084,前端开发,Web前端开发,前端开发工程师,上海维牛科技有限公司,1.5-2千/月,上海-宝山区,民营公司,3-4年经验,5,招2人,,50-150人
1085,前端开发,Web前端开发,Web前端开发工程师,上海闪定科技有限公司,1.5-2千/月,上海-长宁区,民营公司,3-4年经验,5,招2人,,
1086,前端开发,Web前端开发,前端开发工程师,北京湛腾世纪科技有限公司,13-20万/月,上海-黄浦区,民营公司,3-4年经验,5,招2人,弹性工作 带薪年假 五险一金 绩效奖金 专业培训,150-500人
1087,前端开发,Web前端开发,前端,软通动力信息技术（集团）股份有限公司,1.5-3.5万/月,上海-浦东新区,民营公司,3-4年经验,6,招5人,五险一金 定期体检 弹性工作 绩效奖金 年终奖金,10000人以上
1088,前端开发,Web前端开发,Web- Angular,奥解思信息技术（上海）有限公司,1-1.5万/月,上海-浦东新区,外资（欧美）,2年经验,6,招1人,,500-1000人
1089,前端开发,Web前端开发,前端工程师-东峻信息,上海中科新微信息科技园有限公司,6-9千/月,上海,民营公司,2年经验,5,招3人,五险一金 专业培训 年终奖金 免费午餐 节日福利 发展空间大,少于50人
1090,前端开发,Web前端开发,前端开发工程师,上海合胜计算机科技股份有限公司,1-1.5万/月,上海-长宁区,上市公司,3-4年经验,6,招3人,五险一金 补充医疗保险 通讯补贴 专业培训 年终奖金 定期体检,500-1000人
1091,前端开发,Web前端开发,前端开发实习生-上海,酷家乐,4-5千/月,上海-浦东新区,民营公司,在校生/应届生,6,招15人,,1000-5000人
1092,前端开发,Web前端开发,网站开发实习,上海谋乐网络科技有限公司,2-4千/月,上海-松江区,合资,在校生/应届生,6,招若干人,包住宿 专业培训 定期团建,50-150人
1093,前端开发,Web前端开发,前端开发工程师实习,上海圣熙信息技术有限公司,2-3千/月,上海,合资,在校生/应届生,5,招2人,,少于50人
1094,前端开发,Web前端开发,SH-BI-大数据实习生,广州安莱信息通信技术有限公司上海分公司,3-4.5千/月,上海-虹口区,外资（欧美）,在校生/应届生,6,招5人,五险一金 绩效奖金 年终奖金 定期体检,50-150人
1095,前端开发,Web前端开发,前端开发工程师—校招/实习,上海海隆华钟信息技术有限公司,150元/天,上海-徐汇区,合资,在校生/应届生,5,招若干人,五险一金 员工旅游 餐饮补贴 专业培训 绩效奖金 年终奖金 弹性工作 定期体检 转正录用,150-500人
1096,前端开发,Web前端开发,Web前端开发工程师,上海蓝矩信息科技有限公司,0.7-1万/月,上海-杨浦区,民营公司,1年经验,6,招2人,做五休二 五险一金 员工旅游 餐饮补贴 专业培训 年终奖金,少于50人
1097,前端开发,Web前端开发,Web前端开发工程师,苏州大软信息智能科技有限公司,1-1.5万/月,上海-虹口区,外资（欧美）,3-4年经验,6,招2人,五险一金 节假日福利 年终奖金,
1098,前端开发,Web前端开发,高级Web前端开发工程师,玖纵网络科技（上海）有限公司,1.5-2.5万/月,上海-徐汇区,民营公司,5-7年经验,5,招1人,五险一金 绩效奖金 年终奖金 定期体检,50-150人
1099,前端开发,Web前端开发,web前端讲师,上海奉贤区八维宏烨培训学校,1.5-2万/月,上海-奉贤区,民营公司,招3人,,招3人,五险一金 绩效奖金 住房补贴 餐补 节日礼金,500-1000人
1100,前端开发,Web前端开发,前端开发工程师,武汉佰钧成技术有限责任公司,1.5-3万/月,上海-浦东新区,民营公司,3-4年经验,6,招2人,五险一金 绩效奖金 定期体检 专业培训 通讯补贴,10000人以上
1101,前端开发,Web前端开发,高薪前端开发工程师,武汉佰钧成技术有限责任公司,1.5-3万/月,上海-浦东新区,民营公司,3-4年经验,6,招3人,五险一金 补充医疗保险 定期体检 员工旅游 专业培训,10000人以上
1102,前端开发,Web前端开发,Web前端工程师,上海汉中诺软件科技有限公司,0.8-1万/月,上海-浦东新区,合资,1年经验,6,招2人,五险一金 餐饮补贴 定期体检 员工旅游 周末双休 带薪季度假 带薪年假 出差补贴 节日礼品,50-150人
1103,前端开发,Web前端开发,Web前端开发工程师,上海慧龙计算机系统有限公司,1.5-2万/月,上海-普陀区,民营公司,3-4年经验,5,招2人,五险一金 员工旅游 餐饮补贴 年终奖金 交通补贴,50-150人
1104,前端开发,Web前端开发,Web前端开发工程师,上海软中信息技术有限公司,0.8-1.3万/月,上海-徐汇区,国企,3-4年经验,6,招2人,五险一金 补充医疗保险 员工旅游 餐饮补贴 绩效奖金 年终奖金 定期体检,150-500人
1105,前端开发,Web前端开发,WEB前端开发工程师,上海云止科技有限公司,1.5-2万/月,上海-嘉定区,民营公司,3-4年经验,5,招3人,,少于50人
1106,前端开发,Web前端开发,前端开发,上海有大信息科技有限公司,1.3-1.8万/月,上海-浦东新区,民营公司,3-4年经验,6,招5人,,50-150人
1107,前端开发,Web前端开发,前端开发工程师(react),上海复深蓝软件股份有限公司,1.5-2.5万/月,上海-浦东新区,上市公司,3-4年经验,5,招若干人,,1000-5000人
1108,前端开发,Web前端开发,前端开发工程师,上海幕库科技发展有限公司,0.9-1.5万/月,上海-浦东新区,民营公司,2年经验,6,招若干人,,少于50人
1109,前端开发,Web前端开发,前端架构师,上海通联金融服务有限公司,3-6万/月,上海-浦东新区,合资,5-7年经验,6,招若干人,补充医疗保险 五险一金 员工旅游 绩效奖金 年终奖金 股票期权 定期体检 补充公积金 专业培训 弹性工作,150-500人
1110,前端开发,Web前端开发,初级前端开发工程师,深圳诺伊云计算科技有限公司,1-1.5万/月,上海-黄浦区,民营公司,2年经验,6,招1人,,
1111,前端开发,Web前端开发,中级前端开发工程师,深圳诺伊云计算科技有限公司,1.5-2万/月,上海-黄浦区,民营公司,3-4年经验,6,招1人,,
1112,前端开发,Web前端开发,Web前端开发工程师,心科（上海）网络科技有限公司,1.5-2万/月,上海-普陀区,民营公司,3-4年经验,5,招3人,五险一金 餐饮补贴 绩效奖金 年终奖金 定期体检 交通补贴 股票期权,50-150人
1113,前端开发,Web前端开发,资深前端主管/开发工程师,上海金丘信息科技股份有限公司,2-3.5万/月,上海-浦东新区,上市公司,5-7年经验,6,招若干人,周末双休,150-500人
1114,前端开发,Web前端开发,前端开发（Vue）,上海复深蓝软件股份有限公司,1.5-2万/月,上海-浦东新区,上市公司,3-4年经验,6,招3人,做五休二 五险一金 节日福利 带薪年假 专业培训 年终奖金 交通补贴,1000-5000人
1115,前端开发,Web前端开发,Web前端开发工程师,上海馨橙网络科技有限公司,1-1.5万/月,上海-徐汇区,民营公司,2年经验,5,招2人,五险一金 弹性工作 年终奖金 团建,50-150人
1116,前端开发,Web前端开发,前端开发工程师,上海汉朔信息科技有限公司,1.1-1.5万/月,上海-浦东新区,民营公司,3-4年经验,5,招1人,五险一金 员工旅游 交通补贴 定期体检,500-1000人
1117,前端开发,Web前端开发,高级web前端开发工程师,剑羽智能科技（上海）有限公司,1.5-3万/月,上海-浦东新区,民营公司,5-7年经验,5,招若干人,五险一金 绩效奖金 年终奖金 弹性工作 补充医疗保险 定期体检,50-150人
1118,前端开发,Web前端开发,Web前端开发工程师,上海泉涸信息科技有限公司,1-1.5万/月,上海-浦东新区,民营公司,3-4年经验,5,招3人,五险一金 年终奖金 弹性工作 节日福利 带薪年假 双休不加班,50-150人
1119,前端开发,Web前端开发,前端开发（react）,上海复深蓝软件股份有限公司,1.4-2.2万/月,上海-浦东新区,上市公司,5-7年经验,6,招5人,,1000-5000人
1120,前端开发,Web前端开发,前端开发工程师,上海佳锐信息科技股份有限公司,1-1.5万/月,上海-杨浦区,上市公司,2年经验,5,招1人,五险一金 餐饮补贴 通讯补贴 专业培训 绩效奖金 年终奖金,50-150人
1121,前端开发,Web前端开发,前端开发工程师（外包）,上海佳锐信息科技股份有限公司,1-2万/月,上海-黄浦区,上市公司,3-4年经验,6,招1人,五险一金 餐饮补贴 通讯补贴 专业培训 绩效奖金 年终奖金,50-150人
1122,前端开发,Web前端开发,前端开发工程师（外包）,上海佳锐信息科技股份有限公司,1-2万/月,上海-黄浦区,上市公司,2年经验,5,招2人,五险一金 餐饮补贴 通讯补贴 专业培训 绩效奖金 年终奖金,50-150人
1123,前端开发,Web前端开发,对日软件工程师,德国殷智信息技术咨询,0.8-1万/月,上海,外资（欧美）,1年经验,6,招5人,,5000-10000人
1124,前端开发,Web前端开发,前端开发工程师,上海万序健康科技有限公司,1.5-2万/月,上海-宝山区,民营公司,2年经验,5,招2人,五险一金 交通补贴 餐饮补贴 通讯补贴 专业培训 绩效奖金 年终奖金 定期体检,150-500人
1125,前端开发,Web前端开发,React(contractor),普华永道信息技术（上海）有限公司,1.5-3万/月,上海-浦东新区,外资（欧美）,3-4年经验,5,招4人,五险一金 补充医疗保险 免费班车 员工旅游 交通补贴 年终奖金 出国机会 弹性工作,500-1000人
1126,前端开发,Web前端开发,web前端/React Developer,普华永道信息技术（上海）有限公司,1.5-2万/月,上海-浦东新区,外资（欧美）,1年经验,6,招若干人,五险一金 补充医疗保险 专业培训 通讯补贴 餐饮补贴 交通补贴 出国机会 年终奖金 弹性工作,500-1000人
1127,前端开发,Web前端开发,Full Stack,普华永道信息技术（上海）有限公司,1.5-2.5万/月,上海-浦东新区,外资（欧美）,3-4年经验,6,招2人,五险一金 补充医疗保险 免费班车 员工旅游 交通补贴 年终奖金 出国机会 弹性工作,500-1000人
1128,前端开发,Web前端开发,React前端开发(产品team),普华永道信息技术（上海）有限公司,1.5-2.5万/月,上海-浦东新区,外资（欧美）,3-4年经验,6,招5人,五险一金 免费班车 专业培训 通讯补贴 餐饮补贴 弹性工作 交通补贴,500-1000人
1129,前端开发,Web前端开发,Angular开发工程师,普华永道信息技术（上海）有限公司,1.5-2.5万/月,上海-浦东新区,外资（欧美）,3-4年经验,6,招5人,五险一金 补充医疗保险 免费班车 员工旅游 交通补贴 年终奖金 出国机会 弹性工作 餐饮补贴 通讯补贴,500-1000人
1130,前端开发,Web前端开发,Angular（Remote）,普华永道信息技术（上海）有限公司,1.5-2.5万/月,上海-浦东新区,外资（欧美）,3-4年经验,6,招20人,五险一金 补充医疗保险 通讯补贴 弹性工作 出国机会,500-1000人
1131,前端开发,Web前端开发,React（remote）,普华永道信息技术（上海）有限公司,1.5-2.5万/月,上海-浦东新区,外资（欧美）,3-4年经验,6,招3人,五险一金 补充医疗保险 通讯补贴 弹性工作 出国机会,500-1000人
1132,前端开发,Web前端开发,Angular（remote）,普华永道信息技术（上海）有限公司,1.2-2.5万/月,上海-浦东新区,外资（欧美）,3-4年经验,6,招3人,五险一金 补充医疗保险 通讯补贴 弹性工作 出国机会,500-1000人
1133,前端开发,Web前端开发,Angular,普华永道信息技术（上海）有限公司,1.5-2.5万/月,上海-浦东新区,外资（欧美）,3-4年经验,5,招2人,五险一金 补充医疗保险 专业培训 通讯补贴 餐饮补贴 交通补贴 出国机会 年终奖金 弹性工作,500-1000人
1134,前端开发,Web前端开发,React Developer（前端开发）,普华永道信息技术（上海）有限公司,1-1.5万/月,上海-浦东新区,外资（欧美）,1年经验,6,招若干人,,500-1000人
1135,前端开发,Web前端开发,React（Remote）,普华永道信息技术（上海）有限公司,1.5-2.5万/月,上海-浦东新区,外资（欧美）,3-4年经验,6,招20人,五险一金 补充医疗保险 通讯补贴 弹性工作 出国机会,500-1000人
1136,前端开发,Web前端开发,前端开发工程师,普华永道信息技术（上海）有限公司,1-1.5万/月,上海-浦东新区,外资（欧美）,3-4年经验,6,招若干人,五险一金 年终奖金,500-1000人
1137,前端开发,Web前端开发,前端开发工程师,普华永道信息技术（上海）有限公司,1-1.5万/月,上海-浦东新区,外资（欧美）,3-4年经验,6,招若干人,五险一金 年终奖金,500-1000人
1138,前端开发,Web前端开发,平台高级开发工程师-抖音,字节跳动,1.8-3.2万/月,上海,民营公司,3-4年经验,6,招15人,六险一金 股票期权 弹性工作 免费三餐 租房补贴 带薪休假 下午茶 扁平管理 健身瑜伽 用户过亿,10000人以上
1139,前端开发,Web前端开发,全栈工程师 — 抖音方向,字节跳动,2-3.5万/月,上海,民营公司,3-4年经验,6,招3人,六险一金 股票期权 弹性工作 免费三餐 租房补贴 带薪休假 下午茶 扁平管理 健身瑜伽 用户过亿,10000人以上
1140,前端开发,Web前端开发,Web全栈工程师,花旗金融信息服务（中国）有限公司Citigroup Services and Technology (China) Limited.,2.5-3万/月,上海-浦东新区,外资（欧美）,5-7年经验,6,招2人,,1000-5000人
1141,前端开发,Web前端开发,前端架构师-跨平台方向,字节跳动,3-6万/月,上海,民营公司,3-4年经验,6,招5人,六险一金 股票期权 弹性工作 免费三餐 餐补 租房补贴 带薪休假 下午茶 扁平管理 健身瑜伽,10000人以上
1142,前端开发,Web前端开发,前端开发高级工程师 — 跨端方向,字节跳动,2-4万/月,上海,民营公司,3-4年经验,6,招10人,健身瑜伽 六险一金 扁平管理 大牛带队 免费三餐,10000人以上
1143,前端开发,Web前端开发,Web前端开发工程师,中软国际科技服务有限公司,1-2万/月,上海,合资,3-4年经验,6,招1人,五险一金 年终奖金 年轻团队 上市企业 弹性工作 绩效奖金,10000人以上
1144,前端开发,Web前端开发,Web前端开发工程师,中软国际科技服务有限公司,1.3-1.8万/月,上海-徐汇区,合资,3-4年经验,5,招若干人,,10000人以上
1145,前端开发,Web前端开发,前端开发工程师,中软国际科技服务有限公司,1.4-2万/月,上海-徐汇区,合资,3-4年经验,5,招若干人,,10000人以上
1146,前端开发,Web前端开发,Web前端开发工程师（高级 中级 初级）,中软国际科技服务有限公司,1.4-2.8万/月,上海-浦东新区,合资,3-4年经验,6,招4人,,10000人以上
1147,前端开发,Web前端开发,Web前端开发工程师,中软国际科技服务有限公司,1.3-1.8万/月,上海-浦东新区,合资,3-4年经验,6,招若干人,,10000人以上
1148,前端开发,Web前端开发,Web前端开发工程师,中软国际科技服务有限公司,1-1.5万/月,上海,合资,3-4年经验,5,招3人,,10000人以上
1149,前端开发,Web前端开发,react前端开发,中软国际科技服务有限公司,1.2-2.9万/月,上海-浦东新区,合资,3-4年经验,2,招5人,五险一金 免费班车 弹性工作 餐饮补贴 交通补贴 通讯补贴,10000人以上
1150,前端开发,Web前端开发,React中高级开发工程师,中软国际科技服务有限公司,1.5-2万/月,上海-浦东新区,合资,3-4年经验,6,招5人,,10000人以上
1151,前端开发,Web前端开发,web开发（react）,中软国际科技服务有限公司,1.2-2.3万/月,上海-浦东新区,合资,1年经验,6,招3人,五险一金 绩效奖金 年终奖金 定期体检 员工旅游,10000人以上
1152,前端开发,Web前端开发,Web前端开发工程师,神州数码信息服务股份有限公司,1.5-2万/月,上海-浦东新区,上市公司,3-4年经验,6,招2人,五险一金 补充医疗保险 专业培训 绩效奖金 年终奖金 定期体检 通讯补贴 餐饮补贴,5000-10000人
1153,前端开发,Web前端开发,高级前端开发工程师（阿里云-React）,武汉佰钧成技术有限责任公司,1.2-2.4万/月,异地招聘,民营公司,2年经验,5,招5人,六险一金 定期体检 弹性工作,10000人以上
1154,前端开发,Web前端开发,Web前端开发工程师,武汉佰钧成技术有限责任公司,1.5-3.2万/月,上海-浦东新区,民营公司,3-4年经验,6,招2人,五险一金 补充医疗保险 补充公积金 专业培训 绩效奖金 定期体检 节假日福利 员工旅游 年终奖金 弹性工作,10000人以上
1155,前端开发,Web前端开发,前端开发工程师,深圳市紫金支点技术股份有限公司,0.8-1万/月,上海-徐汇区,民营公司,1年经验,6,招3人,五险一金 餐饮补贴 通讯补贴 定期体检 专业培训 补充医疗保险 年终奖金 绩效奖金 股票期权,1000-5000人
1156,前端开发,Web前端开发,Web前端开发工程师（J10005）,上海天正软件有限公司,1-1.5万/月,上海-徐汇区,民营公司,2年经验,5,招2人,五险一金 员工旅游 餐饮补贴 年终奖金 定期体检,500-1000人
1157,前端开发,Web前端开发,高级前端开发工程师（研发）（J10005）,上海天正软件有限公司,1.4-2万/月,上海-徐汇区,民营公司,3-4年经验,6,招3人,五险一金 员工旅游 餐饮补贴 年终奖金 定期体检,500-1000人
1158,前端开发,Web前端开发,全栈开发工程师,小微环球（上海）科技有限公司,1.5-2.5万/月,上海-虹口区,合资,5-7年经验,6,招5人,,50-150人
1159,前端开发,Web前端开发,react 前端开发工程师（14）,上海复深蓝软件股份有限公司,1.2-1.8万/月,上海-浦东新区,上市公司,3-4年经验,5,招4人,五险一金 交通补贴 专业培训 定期体检,1000-5000人
1160,前端开发,Web前端开发,react前端开发（SH14）,上海复深蓝软件股份有限公司,1-1.5万/月,上海-浦东新区,上市公司,3-4年经验,5,招2人,五险一金 员工旅游 出国机会 绩效奖金 年终奖金 弹性工作 定期体检 专业培训 通讯补贴,1000-5000人
1161,前端开发,Web前端开发,前端开发（vue）14,上海复深蓝软件股份有限公司,1.5-2万/月,上海-浦东新区,上市公司,3-4年经验,6,招若干人,五险一金 年终奖金 做五休二 出国机会,1000-5000人
1162,前端开发,Web前端开发,前端开发工程师,上海网波软件股份有限公司,0.7-1.4万/月,上海-杨浦区,民营公司,1年经验,6,招若干人,五险一金 餐饮补贴 交通补贴,50-150人
1163,前端开发,Web前端开发,Web前端工程师,上海微创软件股份有限公司,1.2-1.5万/月,上海,合资,2年经验,6,招1人,五险一金 补充医疗保险 免费班车 弹性工作 定期体检 绩效奖金 年终奖金 专业培训 员工旅游 节日福利,5000-10000人
1164,前端开发,Web前端开发,Web 前端开发工程师,上海微创软件股份有限公司,1.2-1.5万/月,上海,合资,3-4年经验,6,招1人,五险一金 补充医疗保险 免费班车 弹性工作 定期体检 绩效奖金 年终奖金 专业培训 员工旅游 节日福利,5000-10000人
1165,前端开发,Web前端开发,前端开发工程师,上海微创软件股份有限公司,1.6-1.8万/月,上海,合资,3-4年经验,6,招1人,五险一金 补充医疗保险 免费班车 弹性工作 定期体检 绩效奖金 年终奖金 专业培训 员工旅游 节日福利,5000-10000人
1166,前端开发,Web前端开发,web前端开发工程师,上海微创软件股份有限公司,1-2万/月,上海,合资,1年经验,6,招4人,五险一金 补充医疗保险 免费班车 弹性工作 定期体检 绩效奖金 年终奖金 专业培训 员工旅游 节日福利,5000-10000人
1167,前端开发,Web前端开发,前端开发工程师,上海微创软件股份有限公司,1.3-1.8万/月,上海,合资,3-4年经验,5,招2人,五险一金 补充医疗保险 免费班车 弹性工作 定期体检 绩效奖金 年终奖金 专业培训 员工旅游 节日福利,5000-10000人
1168,前端开发,Web前端开发,高级前端开发工程师,上海微创软件股份有限公司,1.7-1.9万/月,上海,合资,5-7年经验,6,招3人,五险一金 补充医疗保险 免费班车 弹性工作 定期体检 绩效奖金 年终奖金 专业培训 员工旅游 节日福利,5000-10000人
1169,前端开发,Web前端开发,高级前端开发工程师,上海微创软件股份有限公司,2-2.6万/月,上海,合资,5-7年经验,6,招1人,五险一金 补充医疗保险 免费班车 弹性工作 定期体检 绩效奖金 年终奖金 专业培训 员工旅游 节日福利,5000-10000人
1170,前端开发,Web前端开发,前端开发工程师,上海微创软件股份有限公司,1.2-1.6万/月,上海,合资,3-4年经验,6,招1人,五险一金 补充医疗保险 免费班车 弹性工作 定期体检 绩效奖金 年终奖金 专业培训 员工旅游 节日福利,5000-10000人
1171,前端开发,Web前端开发,高级前端开发工程师,上海微创软件股份有限公司,2.7-2.8万/月,上海,合资,5-7年经验,,招1人,五险一金 补充医疗保险 免费班车 弹性工作 定期体检 绩效奖金 年终奖金 专业培训 员工旅游 节日福利,5000-10000人
1172,前端开发,Web前端开发,前端开发工程师,上海微创软件股份有限公司,1.3-1.4万/月,上海,合资,3-4年经验,6,招2人,五险一金 补充医疗保险 免费班车 弹性工作 定期体检 绩效奖金 年终奖金 专业培训 员工旅游 节日福利,5000-10000人
1173,前端开发,Web前端开发,前端开发工程师（内部岗位）,上海博为峰信息技术有限公司,1.4-1.7万/月,上海-黄浦区,民营公司,3-4年经验,6,招3人,五险一金 员工旅游 交通补贴 餐饮补贴 通讯补贴 绩效奖金 年终奖金 定期体检,150-500人
1174,前端开发,Web前端开发,Web前端开发工程师,蓝茵建筑工程设计咨询（上海）有限公司,10-15万/年,上海-杨浦区,民营公司,3-4年经验,6,招1人,五险一金 专业培训 绩效奖金 年终奖金 股票期权,50-150人
1175,前端开发,Web前端开发,前端开发工程师,深圳天源迪科信息技术股份有限公司,1.3-1.8万/月,上海-宝山区,民营公司,3-4年经验,5,招1人,五险一金 补充医疗保险 定期体检 朝九晚六 周末双休,1000-5000人
1176,前端开发,Web前端开发,Web前端开发工程师,深圳天源迪科信息技术股份有限公司,1.2-1.8万/月,上海-宝山区,民营公司,3-4年经验,5,招3人,,1000-5000人
1177,前端开发,Web前端开发,前端开发工程师,深圳天源迪科信息技术股份有限公司,1-1.5万/月,上海-宝山区,民营公司,2年经验,6,招2人,五险一金 补充医疗保险 定期体检 朝九晚六 周末双休,1000-5000人
1178,前端开发,Web前端开发,React开发工程师26,上海复深蓝软件股份有限公司,1.5-2.5万/月,上海-浦东新区,上市公司,5-7年经验,5,招3人,五险一金 专业培训 年终奖金 弹性工作 绩效奖金 交通补贴 定期体检 出国机会 员工旅游 免费班车,1000-5000人
1179,前端开发,Web前端开发,VUE开发工程师26,上海复深蓝软件股份有限公司,1.5-2.5万/月,上海-浦东新区,上市公司,5-7年经验,5,招3人,五险一金 专业培训 年终奖金 弹性工作 绩效奖金 交通补贴 定期体检 出国机会 员工旅游 免费班车,1000-5000人
1180,前端开发,Web前端开发,前端开发工程师（vue/react）-25,上海复深蓝软件股份有限公司,1.5-2.3万/月,上海-浦东新区,上市公司,3-4年经验,5,招3人,,1000-5000人
1181,前端开发,Web前端开发,前端开发工程师（vue）-25,上海复深蓝软件股份有限公司,1.2-1.8万/月,上海-徐汇区,上市公司,1年经验,5,招2人,,1000-5000人
1182,前端开发,Web前端开发,React开发工程师-25,上海复深蓝软件股份有限公司,1.5-2.6万/月,上海-普陀区,上市公司,3-4年经验,5,招2人,,1000-5000人
1183,前端开发,Web前端开发,Web前端开发工程师,东部展览（上海）有限公司,1.5-2万/月,上海-青浦区,民营公司,3-4年经验,5,招1人,五险一金 员工旅游 年终奖金 绩效奖金 弹性工作,少于50人
1184,前端开发,Web前端开发,前台开发工程师,上海届远信息技术有限公司,0.8-1万/月,上海-宝山区,民营公司,3-4年经验,5,招1人,五险一金 年终奖金,50-150人
1185,前端开发,Web前端开发,前端开发工程师,上海届远信息技术有限公司,6-8千/月,上海-宝山区,民营公司,3-4年经验,5,招2人,五险一金 年终奖金,50-150人
1186,前端开发,Web前端开发,前端中级工程师,维世致新（上海）智能技术有限公司,1.2-2万/月,上海-浦东新区,民营公司,3-4年经验,6,招若干人,做五休二 周末双休 带薪年假 五险一金 绩效奖金 节日福利 定期体检,50-150人
1187,前端开发,Web前端开发,前端开发工程师,维世致新（上海）智能技术有限公司,1-1.5万/月,上海-浦东新区,民营公司,2年经验,5,招若干人,做五休二 周末双休 带薪年假 五险一金 绩效奖金 节日福利 定期体检,50-150人
1188,前端开发,Web前端开发,Angular前端工程师,维世致新（上海）智能技术有限公司,1-1.5万/月,上海-浦东新区,民营公司,2年经验,5,招若干人,做五休二 周末双休 带薪年假 五险一金 绩效奖金 节日福利 定期体检,50-150人
1189,前端开发,Web前端开发,web前端工程师,上海枭嵘信息科技有限公司,0.8-1.4万/月,上海,民营公司,3-4年经验,5,招若干人,五险一金 免费班车 员工旅游 专业培训 弹性工作 餐饮补贴 股票期权 年终奖金 绩效奖金,少于50人
1190,前端开发,Web前端开发,前端开发工程师（20）,上海复深蓝软件股份有限公司,1.5-2万/月,上海-徐汇区,上市公司,3-4年经验,5,招4人,五险一金 年终奖金 做五休二 出国机会,1000-5000人
1191,前端开发,Web前端开发,前端开发工程师（VUE）20,上海复深蓝软件股份有限公司,1.8-2.2万/月,上海-浦东新区,上市公司,5-7年经验,6,招3人,五险一金 年终奖金 做五休二 出国机会 员工旅游 定期体检 项目补贴,1000-5000人
1192,前端开发,Web前端开发,前端开发工程师（react）20,上海复深蓝软件股份有限公司,1.3-2万/月,上海-普陀区,上市公司,2年经验,5,招2人,五险一金 年终奖金 做五休二 出国机会,1000-5000人
1193,前端开发,Web前端开发,前端开发工程师（VUE&小程序）20,上海复深蓝软件股份有限公司,1.5-2万/月,上海-徐汇区,上市公司,3-4年经验,6,招3人,五险一金 年终奖金 做五休二 出国机会 员工旅游 定期体检 项目补贴,1000-5000人
1194,前端开发,Web前端开发,reac前端开发工程师（20）,上海复深蓝软件股份有限公司,1.6-2.5万/月,上海-浦东新区,上市公司,3-4年经验,5,招3人,五险一金 年终奖金 做五休二 定期体检 绩效奖金,1000-5000人
1195,前端开发,Web前端开发,前端开发工程师（金融20）,上海复深蓝软件股份有限公司,1.5-2万/月,上海-浦东新区,上市公司,3-4年经验,5,招4人,五险一金 年终奖金 做五休二 定期体检 绩效奖金,1000-5000人
1196,前端开发,Web前端开发,前端开发工程师（vue&react）-20,上海复深蓝软件股份有限公司,1-1.5万/月,上海-浦东新区,上市公司,1年经验,6,招5人,五险一金 年终奖金 做五休二 定期体检 绩效奖金,1000-5000人
1197,前端开发,Web前端开发,前端开发工程师（保险行业20）,上海复深蓝软件股份有限公司,1.3-2万/月,上海-浦东新区,上市公司,3-4年经验,5,招3人,五险一金 年终奖金 做五休二 定期体检 绩效奖金,1000-5000人
1198,前端开发,Web前端开发,VUE前端开发工程师（20）,上海复深蓝软件股份有限公司,1-1.6万/月,上海-浦东新区,上市公司,2年经验,6,招3人,五险一金 年终奖金 做五休二 定期体检 绩效奖金,1000-5000人
1199,前端开发,Web前端开发,前端开发工程师,上海云逐信息技术有限公司,1.5-2万/月,上海-浦东新区,民营公司,3-4年经验,6,招2人,,50-150人
1200,前端开发,Web前端开发,前端开发工程师,绍兴环思智慧科技股份有限公司,0.6-1.1万/月,上海-浦东新区,上市公司,1年经验,5,招若干人,通讯补贴 餐饮补贴 交通补贴 节日福利 带薪年假 弹性工作 定期体检 绩效奖金 五险一金 定期团建,500-1000人
1201,前端开发,Web前端开发,中级vue开发工程师-金桥,京北方信息技术股份有限公司,1.5-2万/月,上海-浦东新区,民营公司,3-4年经验,6,招若干人,五险一金 交通补贴 餐饮补贴 绩效奖金 员工旅游,10000人以上
1202,前端开发,Web前端开发,Web前端开发工程师,上海刀奇智能科技有限公司,1-1.5万/月,上海-长宁区,民营公司,3-4年经验,6,招1人,五险一金 员工旅游 专业培训 绩效奖金 年终奖金 股票期权 弹性工作,少于50人
1203,前端开发,Web前端开发,Web前端开发工程师,上海网新恒天软件有限公司,1.5-2万/月,上海-浦东新区,合资,5-7年经验,6,招1人,,1000-5000人
1204,前端开发,Web前端开发,前端开发工程师,上海喔趣信息科技有限公司,1.8-2.5万/月,上海-徐汇区,合资,3-4年经验,6,招1人,,500-1000人
1205,前端开发,Web前端开发,前端开发工程师,上海喔趣信息科技有限公司,1.5-2万/月,上海-徐汇区,合资,3-4年经验,6,招2人,做五休二 周末双休 五险一金 绩效奖金 交通补贴 餐饮补贴,500-1000人
1206,前端开发,Web前端开发,前端开发工程师,上海喔趣信息科技有限公司,1.2-1.7万/月,上海-徐汇区,合资,3-4年经验,6,招4人,做五休二 周末双休 五险一金 绩效奖金 交通补贴 餐饮补贴,500-1000人
1207,前端开发,Web前端开发,高级前端开发工程师,上海众网数聚立方信息科技有限公司,1.5-2万/月,上海-闵行区,民营公司,5-7年经验,6,招1人,,少于50人
1208,前端开发,Web前端开发,Web前端高级开发工程师,上海同是科技股份有限公司,1.5-2.5万/月,上海-浦东新区,民营公司,5-7年经验,6,招1人,五险一金 餐饮补贴 通讯补贴 交通补贴 年终奖金 弹性工作,150-500人
1209,前端开发,Web前端开发,前端开发工程师,上海同是科技股份有限公司,1.5-2.5万/月,上海-浦东新区,民营公司,5-7年经验,6,招若干人,五险一金 餐饮补贴 通讯补贴 交通补贴 年终奖金 弹性工作,150-500人
1210,前端开发,Web前端开发,vue高级前端工程师(一部）,上海微企信息技术股份有限公司,1.5-1.8万/月,上海-普陀区,民营公司,5-7年经验,5,招1人,弹性工作 五险一金 员工旅游 绩效奖金 定期体检,50-150人
1211,前端开发,Web前端开发,前端开发工程师（远程办公）,上海本原网络科技有限公司,2-2.5万/月,上海-松江区,民营公司,3-4年经验,6,招若干人,做五休二 周末双休 弹性工作,少于50人
1212,前端开发,Web前端开发,Vue前端开发工程师（远程办公）,上海本原网络科技有限公司,1-1.5万/月,上海-松江区,民营公司,无需经验,6,招若干人,做五休二 周末双休 弹性工作,少于50人
1213,前端开发,Web前端开发,前端工程师/Typescript + React,上海本原网络科技有限公司,1.5-2万/月,上海-松江区,民营公司,2年经验,6,招若干人,做五休二 周末双休 弹性工作,少于50人
1214,前端开发,Web前端开发,Web前端开发工程师,上海东尚信息科技股份有限公司,1.1-1.5万/月,上海-松江区,上市公司,2年经验,6,招1人,五险一金 员工旅游 交通补贴 餐饮补贴 绩效奖金 年终奖金 股票期权 弹性工作 定期体检 补充公积金,150-500人
1215,前端开发,Web前端开发,高级前端开发工程师,深圳市宝润兴业互联网信息服务有限公司,2-3.5万/月,上海-浦东新区,民营公司,5-7年经验,5,招5人,五险一金,500-1000人
1216,前端开发,Web前端开发,前端中级开发工程师,深圳市宝润兴业互联网信息服务有限公司,1.5-3万/月,上海-浦东新区,民营公司,3-4年经验,5,招5人,五险一金,500-1000人
1217,前端开发,Web前端开发,前端开发中级工程师（平安项目）,深圳市宝润兴业互联网信息服务有限公司,1.5-3万/月,上海-浦东新区,民营公司,3-4年经验,5,招5人,五险一金,500-1000人
1218,前端开发,Web前端开发,前端中级开发工程师,深圳市宝润兴业互联网信息服务有限公司,1.5-3万/月,上海-浦东新区,民营公司,3-4年经验,5,招5人,,500-1000人
1219,前端开发,Web前端开发,中高级前端开发工程师,深圳市宝润兴业互联网信息服务有限公司,1.8-3.5万/月,上海-浦东新区,民营公司,5-7年经验,6,招8人,,500-1000人
1220,前端开发,Web前端开发,高级前端开发工程师,深圳市宝润兴业互联网信息服务有限公司,1.5-3万/月,上海-浦东新区,民营公司,3-4年经验,6,招5人,,500-1000人
1221,前端开发,Web前端开发,Web前端开发（Angular）,上海程析智能科技有限公司,1.2-3.5万/月,上海-杨浦区,民营公司,1年经验,6,招5人,,
1222,前端开发,Web前端开发,前端开发工程师,上海云逐信息技术有限公司,1.5-2万/月,上海-静安区,民营公司,3-4年经验,5,招2人,,50-150人
1223,前端开发,Web前端开发,前端开发工程师,上海云逐信息技术有限公司,1.5-2万/月,上海-虹口区,民营公司,5-7年经验,5,招1人,,50-150人
1224,前端开发,Web前端开发,前端开发工程师,上海云逐信息技术有限公司,1.5-2万/月,上海-浦东新区,民营公司,3-4年经验,6,招2人,,50-150人
1225,前端开发,Web前端开发,前端开发工程师,上海云逐信息技术有限公司,1.5-2万/月,上海-杨浦区,民营公司,3-4年经验,5,招3人,,50-150人
1226,前端开发,Web前端开发,前端开发工程师,上海云逐信息技术有限公司,1-1.5万/月,上海-浦东新区,民营公司,2年经验,5,招2人,,50-150人
1227,前端开发,Web前端开发,Web前端开发工程师,上海铁公鸡网络科技有限公司,1-1.5万/月,上海-嘉定区,民营公司,3-4年经验,6,招若干人,五险一金 员工旅游 绩效奖金 餐饮补贴 交通补贴 定期体检 股票期权 年终奖金 通讯补贴 专业培训,50-150人
1228,前端开发,Web前端开发,高级前端开发工程师,上海仁力名才软件有限公司,2-2.5万/月,上海-徐汇区,民营公司,5-7年经验,6,招3人,五险一金 员工旅游 餐饮补贴 专业培训,150-500人
1229,前端开发,Web前端开发,前端工程师,上海合合信息科技股份有限公司,1.5-2.5万/月,上海-静安区,民营公司,3-4年经验,6,招1人,弹性工作 员工旅游 免费班车 专业培训 餐饮补贴 五险一金 定期体检 年终奖金 绩效奖金 出国机会,500-1000人
1230,前端开发,Web前端开发,Web前端开发工程师,端云信息技术（上海）有限公司,1-1.2万/月,上海-浦东新区,民营公司,3-4年经验,5,招若干人,五险一金 补充医疗保险 弹性工作,50-150人
1231,前端开发,Web前端开发,Web前端开发工程师,建研科技股份有限公司,1.5-2万/月,上海-黄浦区,国企,3-4年经验,6,招1人,周末双休 带薪年假 五险一金 专业培训 节日福利 高温补贴 餐饮补贴 绩效奖金,1000-5000人
1232,前端开发,Web前端开发,中级前端开发工程师,上海开始网络科技有限公司,1-1.5万/月,上海-浦东新区,民营公司,3-4年经验,6,招2人,五险一金 专业培训 绩效奖金 带薪年假 股票期权 定期体检 员工旅游 弹性工作,少于50人
1233,前端开发,Web前端开发,Web前端开发工程师（济南）,维坤智能科技（上海）有限公司,1.2-1.8万/月,异地招聘,民营公司,2年经验,6,招若干人,,50-150人
1234,前端开发,Web前端开发,前端开发工程师,上海计算机软件技术开发中心,1.2-2万/月,上海,事业单位,2年经验,6,招2人,五险一金 员工旅游 交通补贴 专业培训 餐饮补贴,150-500人
1235,前端开发,Web前端开发,Web前端开发工程师,上海计算机软件技术开发中心,0.8-1万/月,上海,事业单位,本科,6,招1人,,150-500人
1236,前端开发,Web前端开发,Web前端开发工程师,上海数易信息科技有限公司,1-1.5万/月,上海-徐汇区,民营公司,2年经验,6,招1人,五险一金 专业培训 带薪年假 员工旅游 绩效奖金,少于50人
1237,前端开发,Web前端开发,Web前端开发工程师,上海翔盛悦信息技术有限公司,1-1.5万/月,上海-浦东新区,民营公司,2年经验,5,招3人,绩效奖金 优秀员工奖励,少于50人
1238,前端开发,Web前端开发,Web前端开发工程师,上海翔盛悦信息技术有限公司,1-1.5万/月,上海-浦东新区,民营公司,3-4年经验,5,招2人,绩效奖金 优秀员工奖励,少于50人
1239,前端开发,Web前端开发,Web前端运维工程师（H5/会点安卓Android）,上海翔盛悦信息技术有限公司,1-1.5万/月,上海-浦东新区,民营公司,1年经验,5,招3人,绩效奖金 优秀员工奖励,少于50人
1240,前端开发,Web前端开发,前端开发工程师（22）,上海复深蓝软件股份有限公司,1.5-2万/月,上海-浦东新区,上市公司,3-4年经验,6,招若干人,,1000-5000人
1241,前端开发,Web前端开发,前端开发工程师（22）,上海复深蓝软件股份有限公司,1.5-2万/月,上海-浦东新区,上市公司,5-7年经验,5,招若干人,,1000-5000人
1242,前端开发,Web前端开发,前端开发工程师,赞同科技股份有限公司,1.3-1.8万/月,上海-长宁区,民营公司,3-4年经验,6,招5人,五险一金 补充公积金 餐饮补贴 专业培训 定期体检,1000-5000人
1243,前端开发,Web前端开发,中级/高级前端开发工程师,MBP软件集团（MBP Software Group）,1.2-1.8万/月,上海-浦东新区,外资（非欧美）,3-4年经验,5,招3人,五险一金 绩效奖金 年终奖金 定期体检,150-500人
1244,前端开发,Web前端开发,资深开发/助理架构师（前端）,MBP软件集团（MBP Software Group）,2-3.5万/月,上海-浦东新区,外资（非欧美）,5-7年经验,6,招1人,五险一金 绩效奖金 年终奖金 定期体检,150-500人
1245,前端开发,Web前端开发,高级全栈工程师,上海坤德信息科技有限公司,2-3万/月,上海-普陀区,民营公司,8-9年经验,6,招1人,五险一金 员工旅游 弹性工作 年终奖金 定期体检 交通补贴 出国机会,50-150人
1246,前端开发,Web前端开发,前端架构师,公安部第三研究所信息安全技术处,2-2.5万/月,上海,国企,3-4年经验,6,招若干人,五险一金 定期体检 员工旅游 餐饮补贴 通讯补贴 年终奖金,150-500人
1247,前端开发,Web前端开发,前端工程师（项目负责人）,上海树维信息科技有限公司,2.2-2.8万/月,上海,民营公司,5-7年经验,6,招1人,周末双休 弹性工作,150-500人
1248,前端开发,Web前端开发,Web前端开发负责人,上海树维信息科技有限公司,1-2万/月,上海,民营公司,5-7年经验,6,招3人,五险一金 弹性工作 定期体检 员工旅游 绩效奖金,150-500人
1249,前端开发,Web前端开发,Web前端开发工程师,上海树维信息科技有限公司,0.9-1.8万/月,上海,民营公司,3-4年经验,6,招3人,员工旅游 年终奖金 五险一金 补充医疗保险 定期体检,150-500人
1250,前端开发,Web前端开发,Web前端/Html5 开发工程师/微信小程序,上海沪万智能科技有限公司,1-1.5万/月,上海-普陀区,合资,3-4年经验,7,招2人,五险一金 年终奖金 定期体检 弹性工作,少于50人
1251,前端开发,Web前端开发,H5程序员,上海数林软件有限公司,8-10万/年,上海-浦东新区,民营公司,2年经验,6,招若干人,五险一金 员工旅游 餐饮补贴 周末双休 带薪年假,50-150人
1252,前端开发,Web前端开发,Web前端开发工程师,上海普瑞邦克软件技术有限公司,1-1.5万/月,上海,合资,5-7年经验,6,招若干人,五险一金 定期体检 餐饮补贴 补充公积金 周末双休 带薪年假 做五休二,150-500人
1253,前端开发,Web前端开发,全栈工程师,上海普瑞邦克软件技术有限公司,1.5-2万/月,上海,合资,5-7年经验,6,招若干人,五险一金 定期体检 餐饮补贴 补充公积金 周末双休 带薪年假 做五休二,150-500人
1254,前端开发,Web前端开发,Web前端开发工程师,上海普瑞邦克软件技术有限公司,1.5-2万/月,上海,合资,3-4年经验,6,招若干人,五险一金 定期体检 餐饮补贴 补充公积金 周末双休 带薪年假 做五休二,150-500人
1255,前端开发,Web前端开发,WEB前端开发工程师,加绩（上海）科技服务有限公司,1.5-2万/月,上海-黄浦区,上市公司,3-4年经验,5,招1人,补充医疗保险 五险一金 员工旅游 专业培训 定期体检 年终奖金,150-500人
1256,前端开发,Web前端开发,WEB前端开发工程师,加绩（上海）科技服务有限公司,1.5-2万/月,上海-黄浦区,上市公司,3-4年经验,5,招1人,补充医疗保险 五险一金 员工旅游 专业培训 定期体检 年终奖金,150-500人
1257,前端开发,Web前端开发,Web前端开发工程师—柯达项目,加绩（上海）科技服务有限公司,1.5-2.5万/月,上海-浦东新区,上市公司,3-4年经验,6,招1人,补充医疗保险 五险一金 员工旅游 专业培训 定期体检 年终奖金,150-500人
1258,前端开发,Web前端开发,Web开发工程师-世纪畅链项目,加绩（上海）科技服务有限公司,1.5-2万/月,上海-杨浦区,上市公司,3-4年经验,5,招1人,五险一金 补充医疗保险 员工旅游 定期体检 专业培训 年终奖金,150-500人
1259,前端开发,Web前端开发,Web前端开发工程师,加绩（上海）科技服务有限公司,1.5-3.5万/月,上海-浦东新区,上市公司,无需经验,,招若干人,,150-500人
1260,前端开发,Web前端开发,Web前端开发工程师,上海慧龙计算机系统有限公司,1.5-2万/月,上海-普陀区,民营公司,3-4年经验,5,招2人,五险一金 员工旅游 餐饮补贴 年终奖金 交通补贴,50-150人
1261,前端开发,Web前端开发,Web前端开发工程师,上海阳光睿玺信息科技有限公司,0.9-1.4万/月,上海-长宁区,民营公司,2年经验,6,招1人,五险一金 餐饮补贴 全勤奖,少于50人
1262,前端开发,Web前端开发,前端开发工程师,惠每移健（北京）科技有限公司,1.5-2万/月,上海-徐汇区,创业公司,3-4年经验,5,招2人,五险一金 通讯补贴 弹性工作 补充公积金,50-150人
1263,前端开发,Web前端开发,前端开发工程师,上海海万信息科技股份有限公司,0.9-1.5万/月,上海-浦东新区,民营公司,3-4年经验,5,招3人,,1000-5000人
1264,前端开发,Web前端开发,vue前端开发工程师,上海海万信息科技股份有限公司,1-1.5万/月,上海-浦东新区,民营公司,3-4年经验,5,招若干人,,1000-5000人
1265,前端开发,Web前端开发,H5前端开发,上海海万信息科技股份有限公司,1.5-2万/月,上海-浦东新区,民营公司,3-4年经验,6,招1人,五险一金 弹性工作 专业培训 定期体检,1000-5000人
1266,前端开发,Web前端开发,HTML5开发工程师,上海海万信息科技股份有限公司,1.5-2万/月,上海-浦东新区,民营公司,3-4年经验,6,招1人,五险一金 弹性工作 专业培训 定期体检,1000-5000人
1267,前端开发,Web前端开发,HTML5开发工程师,上海海万信息科技股份有限公司,1.2-2.5万/月,上海-浦东新区,民营公司,5-7年经验,6,招2人,五险一金 弹性工作 专业培训 定期体检,1000-5000人
1268,前端开发,Web前端开发,HTML5开发工程师,上海新晨信息集成系统有限公司,1.5-2万/月,上海,上市公司,3-4年经验,6,招1人,五险一金 定期体检 餐饮补贴 交通补贴 年终奖金 专业培训,150-500人
1269,前端开发,Web前端开发,Web前端开发工程师,上海新晨信息集成系统有限公司,1-1.6万/月,上海,上市公司,3-4年经验,6,招1人,五险一金 交通补贴 餐饮补贴 专业培训 绩效奖金 年终奖金,150-500人
1270,前端开发,Web前端开发,Web前端开发工程师,埃思本软件技术（上海）有限公司,0.8-1.3万/月,上海-浦东新区,外资（欧美）,1年经验,6,招2人,周末双休 带薪年假 五险一金 节日福利 年度体检 弹性工作 补充医疗保险,150-500人
1271,前端开发,Web前端开发,前端  Vue  15k,上海复深蓝软件股份有限公司,1-1.5万/月,上海-浦东新区,上市公司,3-4年经验,6,招2人,,1000-5000人
1272,前端开发,Web前端开发,前端开发工程师,上海博为峰信息技术有限公司,1.5-2万/月,上海-浦东新区,民营公司,3-4年经验,6,招3人,五险一金 员工旅游 定期体检 餐饮补贴 交通补贴 通讯补贴,150-500人
1273,前端开发,Web前端开发,前端开发工程师,初米网络科技（上海）有限公司,0.8-1.5万/月,上海-嘉定区,民营公司,2年经验,5,招2人,五险一金 年终奖金 不固定涨薪 专业培训 团队协作 定期体检,50-150人
1274,前端开发,Web前端开发,Web前端开发工程师,上海凯馨信息科技有限公司,0.9-1.5万/月,上海-浦东新区,民营公司,2年经验,6,招1人,,少于50人
1275,前端开发,Web前端开发,Web前端开发工程师,上海扑满信息科技有限公司,1-1.8万/月,上海-徐汇区,民营公司,3-4年经验,6,招1人,五险一金 员工旅游 绩效奖金 年终奖金 弹性工作 定期体检 自备电脑补贴 免费零食茶饮,50-150人
1276,前端开发,Web前端开发,Golang主程,上海影创信息科技有限公司,2-3万/月,上海-浦东新区,合资,3-4年经验,6,招1人,五险一金 员工旅游 餐饮补贴 年终奖金 定期体检,150-500人
1277,前端开发,Web前端开发,Web前端开发工程师,上海影创信息科技有限公司,1.5-2万/月,上海-浦东新区,合资,3-4年经验,6,招若干人,,150-500人
1278,前端开发,Web前端开发,Web前端开发工程师,上海班富科技服务有限公司,0.8-1.2万/月,上海-徐汇区,民营公司,无需经验,5,招若干人,五险一金 定期体检 年终奖金 带薪休假,少于50人
1279,前端开发,Web前端开发,前端开发工程师,上海班富科技服务有限公司,1-1.5万/月,上海-徐汇区,民营公司,2年经验,5,招2人,五险一金 定期体检 年终奖金 带薪休假,少于50人
1280,前端开发,Web前端开发,WEB应用工程师,威盛电子（上海）有限公司,1.2-2.5万/月,上海-浦东新区,外资（非欧美）,3-4年经验,6,招1人,弹性工作 商业保险 补充公积金,150-500人
1281,前端开发,Web前端开发,Web3D开发工程师,上海蓝鳍信息科技有限公司,1-1.5万/月,上海-杨浦区,民营公司,2年经验,5,招1人,五险一金 年终奖金 餐饮补贴 员工旅游 绩效奖金,少于50人
1282,前端开发,Web前端开发,PHP程序员,上海蓝鳍信息科技有限公司,1-1.5万/月,上海-杨浦区,民营公司,2年经验,5,招1人,五险一金 年终奖金 餐饮补贴 员工旅游 绩效奖金 股票期权 做五休二 带薪年假 全勤奖 节日福利,少于50人
1283,前端开发,Web前端开发,前端开发工程师,上海悦米信息技术有限公司,1.8-2.5万/月,上海-徐汇区,合资,3-4年经验,6,招若干人,弹性工作 年底13薪+ 扁平化管理 五险一金 餐饮补贴 绩效奖金 年终奖金 免费零食饮料 周末双休 通讯补贴,50-150人
1284,前端开发,Web前端开发,Web前端开发工程师,上海悦米信息技术有限公司,1.8-2.5万/月,上海-徐汇区,合资,3-4年经验,6,招若干人,弹性工作 扁平化管理 五险一金 餐饮补贴 绩效奖金 年终奖金 免费零食饮料 周末双休 通讯补贴 交通补贴,50-150人
1285,前端开发,Web前端开发,前端开发工程师,上海悦米信息技术有限公司,1.5-2.5万/月,上海-徐汇区,合资,3-4年经验,6,招1人,弹性工作 年底13薪+ 扁平化管理 五险一金 餐饮补贴 绩效奖金 年终奖金 免费零食饮料 周末双休 朝九晚六,50-150人
1286,前端开发,Web前端开发,前端开发工程师,上海悦米信息技术有限公司,1.5-2.5万/月,上海-徐汇区,合资,3-4年经验,5,招1人,弹性工作 年底13薪+ 扁平化管理 五险一金 餐饮补贴 绩效奖金 年终奖金 免费零食饮料 周末双休 朝九晚六,50-150人
1287,前端开发,Web前端开发,前端开发工程师,上海悦米信息技术有限公司,1.5-2万/月,上海-徐汇区,合资,3-4年经验,6,招1人,弹性工作 年底13薪+ 扁平化管理 五险一金 餐饮补贴 绩效奖金 年终奖金 免费零食饮料 周末双休 朝十晚七,50-150人
1288,前端开发,Web前端开发,高级前端开发工程师,上海悦米信息技术有限公司,1.8-2.5万/月,上海-徐汇区,合资,3-4年经验,6,招1人,弹性工作 年底13薪+ 扁平化管理 五险一金 餐饮补贴 绩效奖金 年终奖金 免费零食饮料 周末双休 朝九晚六,50-150人
1289,前端开发,Web前端开发,前端开发工程师,上海悦米信息技术有限公司,2-2.5万/月,上海-徐汇区,合资,3-4年经验,6,招1人,弹性工作 年底13薪+ 扁平化管理 五险一金 餐饮补贴 绩效奖金 年终奖金 免费零食饮料 周末双休 朝九晚六,50-150人
1290,前端开发,Web前端开发,Web前端开发工程师,上海悦米信息技术有限公司,1.5-2万/月,上海-徐汇区,合资,3-4年经验,6,招1人,弹性工作 年底13薪+ 扁平化管理 五险一金 餐饮补贴 绩效奖金 年终奖金 免费零食饮料 周末双休 朝十晚七,50-150人
1291,前端开发,Web前端开发,高级前端开发工程师,上海悦米信息技术有限公司,1.8-2.5万/月,上海-徐汇区,合资,5-7年经验,5,招2人,弹性工作 扁平化管理 五险一金 餐饮补贴 绩效奖金 年终奖金 免费零食饮料 周末双休 交通补贴,50-150人
1292,前端开发,Web前端开发,前端开发工程师,上海悦米信息技术有限公司,1.6-2.5万/月,上海-徐汇区,合资,3-4年经验,5,招2人,弹性工作 扁平化管理 五险一金 餐饮补贴 绩效奖金 年终奖金 免费零食饮料 周末双休 交通补贴 通讯补贴,50-150人
1293,前端开发,Web前端开发,Web前端开发工程师,上海悦米信息技术有限公司,1.8-2.5万/月,上海-徐汇区,合资,3-4年经验,5,招2人,弹性工作 扁平化管理 五险一金 餐饮补贴 绩效奖金 年终奖金 免费零食饮料 周末双休 交通补贴 通讯补贴,50-150人
1294,前端开发,Web前端开发,前端开发工程师,上海悦米信息技术有限公司,1.8-2.5万/月,上海-徐汇区,合资,3-4年经验,6,招2人,弹性工作 年底13薪+ 扁平化管理 五险一金 餐饮补贴 绩效奖金 年终奖金 免费零食饮料 周末双休,50-150人
1295,前端开发,Web前端开发,Web前端开发工程师,上海悦米信息技术有限公司,1.8-2.5万/月,上海-徐汇区,合资,3-4年经验,5,招1人,弹性工作 扁平化管理 五险一金 餐饮补贴 绩效奖金 年终奖金 免费零食饮料 周末双休 交通补贴 通讯补贴,50-150人
1296,前端开发,Web前端开发,前端开发工程师,上海悦米信息技术有限公司,1.8-2.5万/月,上海-徐汇区,合资,3-4年经验,5,招1人,弹性工作 扁平化管理 五险一金 餐饮补贴 绩效奖金 年终奖金 免费零食饮料 周末双休 交通补贴 通讯补贴,50-150人
1297,前端开发,Web前端开发,Web前端开发工程师,上海圆卓网络科技有限公司,1-2万/月,上海-徐汇区,外资（非欧美）,3-4年经验,5,招若干人,做五休二 弹性工作 绩效奖金 带薪年假,150-500人
1298,前端开发,Web前端开发,30万求前端,上海圆卓网络科技有限公司,1.5-2.5万/月,上海-虹口区,外资（非欧美）,3-4年经验,6,招2人,做五休二 周末双休 弹性工作 交通补贴 高温补贴 住房补贴 加班补贴 餐饮补贴 绩效奖金 带薪年假,150-500人
1299,前端开发,Web前端开发,WEBGL/OPENGL/OSG 开发工程师,上海同豪土木工程咨询有限公司,1-2万/月,上海-杨浦区,民营公司,2年经验,6,招2人,五险一金 员工旅游 专业培训 定期体检 绩效奖金 年终奖金,150-500人
1300,前端开发,Web前端开发,Web3D高级图形工程师,芯勍（上海）智能化科技股份有限公司,2-6万/月,上海-嘉定区,民营公司,3-4年经验,6,招1人,,少于50人
1301,前端开发,Web前端开发,Web前端开发工程师（201寿险）,上海复深蓝软件股份有限公司,1.5-2.5万/月,上海-浦东新区,上市公司,3-4年经验,5,招10人,五险一金 年终奖金 绩效奖金 项目补助,1000-5000人
1302,前端开发,Web前端开发,前端开发工程师-react（寿险201）,上海复深蓝软件股份有限公司,1-2.5万/月,上海-浦东新区,上市公司,3-4年经验,5,招3人,五险一金 交通补贴 专业培训 定期体检,1000-5000人
1303,前端开发,Web前端开发,vue开发工程师（寿险201）,上海复深蓝软件股份有限公司,1.4-2万/月,上海-浦东新区,上市公司,3-4年经验,6,招若干人,五险一金 年终奖金 绩效奖金 项目补助,1000-5000人
1304,前端开发,Web前端开发,Web前端开发工程师,上海三高计算机中心股份有限公司,0.9-1.8万/月,上海-杨浦区,上市公司,2年经验,5,招若干人,五险一金 专业培训 定期体检 弹性工作 餐饮补贴 年终奖金 交通补贴,150-500人
1305,前端开发,Web前端开发,Web前端中高级开发工程师,上海三高计算机中心股份有限公司,1.2-1.8万/月,上海-杨浦区,上市公司,3-4年经验,5,招若干人,五险一金 专业培训 定期体检 弹性工作 餐饮补贴 年终奖金 交通补贴,150-500人
1306,前端开发,Web前端开发,前端开发工程师,恩士迅信息科技（上海）有限公司,2-3.5万/月,异地招聘,外资（非欧美）,5-7年经验,6,招若干人,五险一金 补充医疗保险 出国机会 定期体检,500-1000人
1307,前端开发,Web前端开发,中级H5移动前端开发,上海安硕信息技术股份有限公司,1.2-1.5万/月,上海-浦东新区,上市公司,2年经验,6,招1人,,1000-5000人
1308,前端开发,Web前端开发,Web前端开发工程师,珍岛信息技术（上海）股份有限公司,1.5-3万/月,上海-静安区,民营公司,3-4年经验,6,招若干人,,1000-5000人
1309,前端开发,Web前端开发,前端开发工程师,苏州花开四季网络科技有限公司,0.8-2万/月,上海-闵行区,民营公司,2年经验,6,招若干人,五险一金 员工旅游 节日福利 弹性工作 生日福利 带薪年假,50-150人
1310,前端开发,Web前端开发,初级前端开发工程师,繁翰信息技术（上海）有限公司,0.8-1.2万/月,上海-长宁区,民营公司,1年经验,6,招若干人,五险一金 员工旅游 通讯补贴 专业培训 绩效奖金 定期体检,50-150人
1311,前端开发,Web前端开发,中级前端开发工程师,繁翰信息技术（上海）有限公司,1.2-1.8万/月,上海-长宁区,民营公司,3-4年经验,6,招若干人,五险一金 员工旅游 通讯补贴 专业培训 绩效奖金 定期体检,50-150人
1312,前端开发,Web前端开发,Web前端开发工程师,珍岛信息技术（上海）股份有限公司,1.5-3万/月,上海,民营公司,5-7年经验,6,招3人,,1000-5000人
1313,前端开发,Web前端开发,前端开发工程师 (花桥）,苏州花开四季网络科技有限公司,0.9-2万/月,上海-闵行区,民营公司,2年经验,5,招5人,五险一金 员工旅游 节日福利 绩效奖金 年终奖金,50-150人
1314,前端开发,Web前端开发,Web前端开发工程师,珍岛信息技术（上海）股份有限公司,1.5-3万/月,上海,民营公司,3-4年经验,6,招5人,五险一金 做五休二 绩效奖金 年终奖金 弹性工作,1000-5000人
1315,前端开发,Web前端开发,前端开发工程师,珍岛信息技术（上海）股份有限公司,1.5-3万/月,上海,民营公司,3-4年经验,6,招若干人,五险一金 做五休二 绩效奖金 年终奖金,1000-5000人
1316,前端开发,Web前端开发,vue前端工程师,珍岛信息技术（上海）股份有限公司,1.5-3万/月,上海,民营公司,3-4年经验,6,招1人,五险一金 做五休二 绩效奖金 年终奖金,1000-5000人
1317,前端开发,Web前端开发,前端工程师,上海筑想信息科技股份有限公司,1.5-2万/月,上海-静安区,上市公司,3-4年经验,6,招3人,五险一金 免费班车 绩效奖金 年终奖金 定期体检,150-500人
1318,前端开发,Web前端开发,前端开发工程师,亿诺凌信息科技（上海）有限公司,1-1.8万/月,上海-浦东新区,民营公司,2年经验,6,招5人,,50-150人
1319,前端开发,Web前端开发,Web前端开发工程师,珍岛信息技术（上海）股份有限公司,1.5-2万/月,上海,民营公司,3-4年经验,6,招若干人,带薪年假 五险一金 绩效奖金 专业培训 免费早餐 旅游福利,1000-5000人
1320,前端开发,Web前端开发,高级Web前端开发工程师,珍岛信息技术（上海）股份有限公司,2-3万/月,上海,民营公司,5-7年经验,6,招若干人,五险一金 做五休二 绩效奖金 年终奖金,1000-5000人
1321,前端开发,Web前端开发,高级Web前端开发工程师,上海漫微信息技术有限公司,2-4.5万/月,上海-徐汇区,民营公司,3-4年经验,6,招若干人,,1000-5000人
1322,前端开发,Web前端开发,Web前端开发工程师,君库（上海）信息科技有限公司,2-3万/月,上海,民营公司,3-4年经验,6,招1人,五险一金 专业培训 绩效奖金 年终奖金 弹性工作,50-150人
1323,前端开发,Web前端开发,资深前端研发专家,小i机器人,2.5-5万/月,上海,民营公司,5-7年经验,6,招1人,五险一金 补充医疗保险 绩效奖金 做五休二 周末双休 带薪年假 节日福利,500-1000人
1324,前端开发,Web前端开发,前端开发工程师（企业中台）(J10199),上海百胜软件股份有限公司,1.5-2万/月,上海,上市公司,3-4年经验,5,招1人,五险一金 补充公积金 年终奖金 专业培训 绩效奖金,500-1000人
1325,前端开发,Web前端开发,WEB技术工程师,上海微盼智能科技有限公司,1-1.5万/月,上海-徐汇区,合资,招若干人,,招若干人,,150-500人
1326,前端开发,Web前端开发,前端开发工程师(J10060),上海百胜软件股份有限公司,1.5-2万/月,上海,上市公司,3-4年经验,5,招1人,五险一金 补充公积金 年终奖金 专业培训 绩效奖金,500-1000人
1327,前端开发,Web前端开发,Web开发工程师,上海沣海智能科技有限公司,1-1.5万/月,上海-浦东新区,合资,招若干人,,招若干人,,150-500人
1328,前端开发,Web前端开发,Web开发工程师,上海沣海智能科技有限公司,1-1.5万/月,上海-长宁区,合资,招若干人,,招若干人,,150-500人
1329,前端开发,Web前端开发,Web前端开发工程师,上海腾程医学科技信息有限公司,1.2-2万/月,上海,外资（欧美）,3-4年经验,6,招1人,五险一金 餐饮补贴 年终奖金,50-150人
1330,前端开发,Web前端开发,前端开发工程师,上海柯林布瑞信息技术有限公司,1.5-2万/月,上海-徐汇区,民营公司,3-4年经验,6,招1人,五险一金 餐饮补贴 弹性工作 定期体检 专业培训 绩效奖金 年终奖金 员工旅游,150-500人
1331,前端开发,Web前端开发,Web前端开发工程师（初级）,上海海隆软件有限公司,1-1.5万/月,上海-徐汇区,民营公司,2年经验,6,招若干人,弹性工作 工作午餐 做五休二 周末双休 带薪年假 五险一金 节日福利,1000-5000人
1332,前端开发,Web前端开发,高级前端开发工程师,合美惠电子商务有限公司,2-2.5万/月,上海-浦东新区,合资,5-7年经验,6,招1人,五险一金 餐饮补贴 绩效奖金 年终奖金 全勤奖 股票期权 员工宿舍 员工旅游 弹性工作,150-500人
1333,前端开发,Web前端开发,高级前端开发工程师,苏州维莱科软件有限公司,1.2-2万/月,上海-浦东新区,民营公司,3-4年经验,6,招若干人,五险一金 免费班车 员工旅游 餐饮补贴 年终奖金,50-150人
1334,前端开发,Web前端开发,中级web前端开发工程师,上海网达软件股份有限公司,1-2万/月,上海-虹口区,上市公司,3-4年经验,6,招若干人,五险一金 免费班车 专业培训 绩效奖金,1000-5000人
1335,前端开发,Web前端开发,资深/高级前端开发工程师JD,上海网达软件股份有限公司,1.5-2万/月,上海-虹口区,上市公司,3-4年经验,6,招1人,,1000-5000人
1336,前端开发,Web前端开发,前端开发工程师,上海网达软件股份有限公司,1.2-2.5万/月,上海-浦东新区,上市公司,3-4年经验,6,招1人,,1000-5000人
1337,前端开发,Web前端开发,前端开发工程师,上海网达软件股份有限公司,1.2-2.5万/月,上海-浦东新区,上市公司,3-4年经验,6,招1人,,1000-5000人
1338,前端开发,Web前端开发,Web前端开发工程师,上海柏维信息技术有限公司,6-8千/月,上海-徐汇区,合资,1年经验,6,招3人,五险一金 补充医疗保险 定期体检 带薪年假 节日福利 人才推荐奖 司龄礼物 生日礼物 季度团建,50-150人
1339,前端开发,Web前端开发,Web开发工程师（三年以上）,上海柏维信息技术有限公司,1.5-2万/月,上海-静安区,合资,5-7年经验,6,招若干人,五险一金 定期体检 带薪年假 节日福利 人才推荐奖 司龄礼物 生日礼物 季度团建,50-150人
1340,前端开发,Web前端开发,前端架构师,上海柏维信息技术有限公司,1.5-2万/月,上海-虹口区,合资,5-7年经验,5,招若干人,五险一金 补充医疗保险 定期体检 带薪年假 节日福利 人才推荐奖 司龄礼物 生日礼物 季度团建,50-150人
1341,前端开发,Web前端开发,前端开发工程师,上海柏维信息技术有限公司,1-1.5万/月,上海,合资,3-4年经验,6,招若干人,五险一金 补充医疗保险 定期体检 年终奖金 带薪年假 节日福利 人才推荐奖 司龄礼物 生日礼物 季度团建,50-150人
1342,前端开发,Web前端开发,Web前端开发工程师,上海讯真信息科技有限公司,1.2-2万/月,上海-静安区,民营公司,3-4年经验,6,招若干人,五险一金 餐饮补贴 员工旅游 定期体检 绩效奖金 年终奖金 专业培训 通讯补贴 交通补贴 股票期权,50-150人
1343,前端开发,Web前端开发,前端开发工程师,上海讯真信息科技有限公司,1-1.5万/月,上海-徐汇区,民营公司,3-4年经验,6,招1人,五险一金 餐饮补贴 员工旅游,50-150人
1344,前端开发,Web前端开发,资深前端开发工程师,上海翼舶港信息技术有限公司,2-3万/月,上海-浦东新区,民营公司,5-7年经验,5,招1人,五险一金 员工旅游 绩效奖金 定期体检,50-150人
1345,前端开发,Web前端开发,资深前端开发工程师/React前端工程师,上海翼舶港信息技术有限公司,2-2.5万/月,上海-浦东新区,民营公司,5-7年经验,5,招1人,五险一金 员工旅游 绩效奖金 定期体检,50-150人
1346,前端开发,Web前端开发,高级/资深前端工程师,杭州涂鸦信息技术有限公司,2-3万/月,上海-长宁区,上市公司,2年经验,6,招9人,,1000-5000人
1347,前端开发,Web前端开发,资深前端技术专家,杭州涂鸦信息技术有限公司,3-6万/月,上海-长宁区,上市公司,5-7年经验,6,招5人,,1000-5000人
1348,前端开发,Web前端开发,前端工程师,上海朗裕信息科技有限公司,1-1.8万/月,上海-浦东新区,民营公司,3-4年经验,5,招3人,五险一金 全勤奖 弹性工作 住房补贴 做五休二 交通补贴 加班补贴,50-150人
1349,前端开发,Web前端开发,前端开发,上海朗裕信息科技有限公司,1-1.5万/月,上海-徐汇区,民营公司,3-4年经验,5,招4人,五险一金 全勤奖 弹性工作 住房补贴 做五休二 交通补贴 加班补贴,50-150人
1350,前端开发,Web前端开发,前端研发,上海朗裕信息科技有限公司,1-1.5万/月,上海-徐汇区,民营公司,3-4年经验,5,招1人,五险一金 全勤奖 弹性工作 住房补贴 做五休二 交通补贴 专业培训 加班补贴,50-150人
1351,前端开发,Web前端开发,Web前端开发,上海蜜度信息技术有限公司,1-1.8万/月,上海,民营公司,1年经验,5,招1人,五险一金 补充医疗保险 餐饮补贴 通讯补贴 年终奖金 绩效奖金,500-1000人
1352,前端开发,Web前端开发,高级前端开发工程师,初识智能科技（上海）有限公司,1.5-2.5万/月,上海-浦东新区,民营公司,5-7年经验,6,招1人,五险一金 年终奖金 弹性工作,少于50人
1353,前端开发,Web前端开发,Web前端开发工程师,上海华屹数码科技有限公司,1.5-2万/月,上海-徐汇区,合资,5-7年经验,6,招1人,五险一金 年终奖金 绩效奖金 弹性工作 定期体检 餐饮补贴 员工旅游 专业培训 节日福利 下午茶,150-500人
1354,前端开发,Web前端开发,中级web前端开发工程师,美国K2软件（中国）,1-1.6万/月,上海,外资（非欧美）,3-4年经验,5,招1人,五险一金 定期体检,50-150人
1355,前端开发,Web前端开发,初级前端开发工程师,美国K2软件（中国）,6-9千/月,上海-徐汇区,外资（非欧美）,1年经验,6,招1人,五险一金 定期体检,50-150人
1356,前端开发,Web前端开发,前端开发工程师（浦电路）,上海新炬网络信息技术股份有限公司,1-2万/月,上海-浦东新区,上市公司,3-4年经验,5,招1人,五险一金 定期体检 员工旅游 通讯补贴 年终奖金 周末双休 带薪年假,1000-5000人
1357,前端开发,Web前端开发,前端开发工程师,上海新炬网络信息技术股份有限公司,1-2万/月,上海-浦东新区,上市公司,3-4年经验,5,招若干人,五险一金 员工旅游 通讯补贴 年终奖金 定期体检 技术氛围浓厚,1000-5000人
1358,前端开发,Web前端开发,前端开发工程师,上海亘岩网络科技有限公司,1.2-2.5万/月,上海-闵行区,创业公司,1年经验,6,招3人,包三餐 五险一金 员工旅游 弹性工作 定期体检 年终奖金,150-500人
1359,前端开发,Web前端开发,前端开发工程师,上海亘岩网络科技有限公司,1.5-3万/月,上海-闵行区,创业公司,2年经验,6,招3人,五险一金 弹性工作 定期体检 精美三餐 免费班车 出国机会 通讯补贴,150-500人
1360,前端开发,Web前端开发,Web前端开发工程师,上海共睿信息技术有限公司,1.2-2万/月,上海-浦东新区,民营公司,3-4年经验,6,招1人,,150-500人
1361,前端开发,Web前端开发,前端助理工程师,上海共睿信息技术有限公司,0.8-1万/月,上海-徐汇区,民营公司,1年经验,6,招若干人,五险一金 员工旅游 不加班 年底双薪 周末双休 节日福利 氛围nice,150-500人
1362,前端开发,Web前端开发,前端开发（中高级）,上海阜坤信息科技有限公司,1.2-1.8万/月,上海,民营公司,3-4年经验,6,招1人,五险一金 交通补贴 餐饮补贴 绩效奖金 年终奖金,150-500人
1363,前端开发,Web前端开发,前端开发工程师,上海阜坤信息科技有限公司,1-1.5万/月,上海-浦东新区,民营公司,2年经验,5,招3人,五险一金 交通补贴 餐饮补贴 绩效奖金 年终奖金,150-500人
1364,前端开发,Web前端开发,VUE前端开发工程师,上海芒宇信息科技股份有限公司,0.8-1.5万/月,上海-杨浦区,民营公司,2年经验,6,招1人,五险一金 员工旅游 定期体检 绩效奖金 年终奖金 弹性工作,少于50人
1365,前端开发,Web前端开发,前端开发工程师,上海芒宇信息科技股份有限公司,1.2-2万/月,上海-杨浦区,民营公司,3-4年经验,6,招5人,五险一金 员工旅游 定期体检 绩效奖金 年终奖金 弹性工作,少于50人
1366,前端开发,Web前端开发,Web前端开发工程师,上海芒宇信息科技股份有限公司,1-1.8万/月,上海-杨浦区,民营公司,1年经验,5,招若干人,五险一金 员工旅游 定期体检 绩效奖金 年终奖金 弹性工作,少于50人
1367,前端开发,Web前端开发,Web前端开发工程师,上海峰畅信息科技有限公司,2-3万/月,上海-浦东新区,外资（欧美）,1年经验,6,招若干人,五险一金 年终奖金 节日福利 定期团建 弹性工作 零食下午茶,少于50人
1368,前端开发,Web前端开发,Web前端技术,上海欧点信息技术有限公司,1-1.5万/月,上海-静安区,民营公司,3-4年经验,6,招2人,,少于50人
1369,前端开发,Web前端开发,前端开发工程师,大连东软思维科技发展有限公司,1.5-2万/月,上海-虹口区,民营公司,3-4年经验,6,招若干人,五险一金 补充医疗保险 年终奖金 定期体检 节日福利,1000-5000人
1370,前端开发,Web前端开发,资深前端开发工程师,思凯迈人工智能科技有限责任公司,2-2.5万/月,上海-浦东新区,合资,5-7年经验,6,招1人,,50-150人
1371,前端开发,Web前端开发,前端开发工程师,上海久誉软件系统有限公司,1.5-2.5万/月,上海,国企,3-4年经验,6,招若干人,五险一金 补充医疗保险 员工旅游 餐饮补贴 年终奖金 定期体检 绩效奖金,150-500人
1372,前端开发,Web前端开发,前端开发工程师,上海久誉软件系统有限公司,1-1.5万/月,上海,国企,3-4年经验,6,招1人,五险一金 绩效奖金 补充医疗保险 定期体检 员工旅游 餐饮补贴 年终奖金,150-500人
1373,前端开发,Web前端开发,WEB技术工程师,上海微盼智能科技有限公司,1-1.5万/月,上海-长宁区,合资,招若干人,,招若干人,,150-500人
1374,前端开发,Web前端开发,中级前端开发工程师-(J10474),上海耸智信息科技有限公司,0.8-1.2万/月,上海-徐汇区,民营公司,2年经验,6,招2人,周末双休 弹性工作 五险一金 餐饮补贴 绩效奖金 年终奖金,150-500人
1375,前端开发,Web前端开发,前端开发工程师(J10472),上海耸智信息科技有限公司,1.2-1.6万/月,上海-黄浦区,民营公司,3-4年经验,6,招1人,周末双休 弹性工作 五险一金,150-500人
1376,前端开发,Web前端开发,前端开发(J10469),上海耸智信息科技有限公司,1.5-2万/月,上海-徐汇区,民营公司,3-4年经验,6,招4人,周末双休 弹性工作 五险一金,150-500人
1377,前端开发,Web前端开发,前端开发工程师(J10430),上海耸智信息科技有限公司,1.5-1.8万/月,上海-浦东新区,民营公司,3-4年经验,5,招2人,周末双休 弹性工作 五险一金,150-500人
1378,前端开发,Web前端开发,初级前端开发工程师-(J10428),上海耸智信息科技有限公司,6-8千/月,上海-浦东新区,民营公司,1年经验,5,招1人,周末双休 弹性工作 五险一金,150-500人
1379,前端开发,Web前端开发,前端开发工程师-太平洋保险CRM项目组(J10385),上海耸智信息科技有限公司,0.8-1万/月,上海-徐汇区,民营公司,1年经验,6,招2人,周末双休 弹性工作 五险一金,150-500人
1380,前端开发,Web前端开发,Web开发工程师,上海沣海智能科技有限公司,1-1.5万/月,上海-闵行区,合资,招若干人,,招若干人,,150-500人
1381,前端开发,Web前端开发,Web前端开发工程师,上海溪湃智能科技有限公司,1-1.5万/月,上海-普陀区,合资,2年经验,6,招若干人,,150-500人
1382,前端开发,Web前端开发,Web前端开发工程师,上海溪湃智能科技有限公司,1-1.5万/月,上海-长宁区,合资,招若干人,,招若干人,,150-500人
1383,前端开发,Web前端开发,Web前端开发工程师,上海溪湃智能科技有限公司,1-1.5万/月,上海-浦东新区,合资,招若干人,,招若干人,,150-500人
1384,前端开发,Web前端开发,前端开发工程师,上海迄盼信息技术有限公司,1-1.5万/月,上海-普陀区,合资,招若干人,,招若干人,,50-150人
1385,前端开发,Web前端开发,前端开发工程师,上海迄盼信息技术有限公司,1-1.5万/月,上海-浦东新区,合资,招若干人,,招若干人,,50-150人
1386,前端开发,Web前端开发,WEB技术工程师,上海柏迦科技有限公司,1-1.5万/月,上海-普陀区,合资,招若干人,,招若干人,,50-150人
1387,前端开发,Web前端开发,高级前端开发工程师,上海畅为信息技术有限公司,1.2-2万/月,上海-杨浦区,民营公司,3-4年经验,5,招若干人,五险一金 周末双休 带薪年假,50-150人
1388,前端开发,Web前端开发,H5开发工程师（05）,上海复深蓝软件股份有限公司,1-1.5万/月,上海-黄浦区,上市公司,3-4年经验,6,招2人,五险一金 员工旅游 出国机会 绩效奖金 年终奖金 弹性工作 定期体检 专业培训 通讯补贴,1000-5000人
1389,前端开发,Web前端开发,web前端开发,上海泛微网络科技股份有限公司,1-1.6万/月,上海-闵行区,上市公司,1年经验,6,招2人,五险一金 定期体检 专业培训 出国机会 绩效奖金 年终奖金 员工旅游,5000-10000人
1390,前端开发,Web前端开发,Web前端开发工程师（react方向）,上海泛微网络科技股份有限公司,1.5-2.5万/月,上海-闵行区,上市公司,3-4年经验,6,招3人,,5000-10000人
1391,前端开发,Web前端开发,高级HTML5开发工程师,薪得付信息技术（上海）有限公司,2-2.5万/月,上海,外资（欧美）,5-7年经验,6,招1人,,1000-5000人
1392,前端开发,Web前端开发,生物信息工程师,上海鹰谷信息科技有限公司,0.8-1.2万/月,上海-浦东新区,民营公司,2年经验,6,招5人,扁平管理 内部晋升 优秀创业团队 专业培训 股票期权 年度调薪 员工旅游 年终奖金 绩效奖金 贴心福利,少于50人
1393,前端开发,Web前端开发,Web前端开发工程师,上海鹰谷信息科技有限公司,1-1.5万/月,上海-浦东新区,民营公司,2年经验,6,招3人,扁平管理 内部晋升 优秀创业团队 专业培训 股票期权 年度调薪 员工旅游 年终奖金 绩效奖金 贴心福利,少于50人
1394,前端开发,Web前端开发,前端开发工程师（vue）07,申朴信息技术（上海）股份有限公司,1.5-1.8万/月,上海-徐汇区,上市公司,5-7年经验,5,招3人,五险一金 年终奖金,500-1000人
1395,前端开发,Web前端开发,前端开发工程师,燕梭金融信息科技（上海）有限公司,0.9-1.4万/月,上海-浦东新区,民营公司,2年经验,6,招若干人,五险一金 餐饮补贴 节日福利,50-150人
1396,前端开发,Web前端开发,高级前端开发工程师,燕梭金融信息科技（上海）有限公司,1-1.4万/月,上海-浦东新区,民营公司,3-4年经验,6,招若干人,五险一金 餐饮补贴 节日福利,50-150人
1397,前端开发,Web前端开发,HTML5开发工程师,申朴信息技术（上海）股份有限公司,1.3-1.8万/月,上海-浦东新区,上市公司,3-4年经验,5,招3人,五险一金 年终奖金,500-1000人
1398,前端开发,Web前端开发,前端开发工程师（vue）,申朴信息技术（上海）股份有限公司,1.3-1.8万/月,上海-浦东新区,上市公司,3-4年经验,5,招3人,五险一金 年终奖金,500-1000人
1399,前端开发,Web前端开发,前端开发工程师（vue）,申朴信息技术（上海）股份有限公司,1.3-1.8万/月,上海-闵行区,上市公司,3-4年经验,5,招3人,五险一金 年终奖金,500-1000人
1400,前端开发,Web前端开发,前端开发工程师,苏州乔客云数据科技有限公司,1-1.5万/月,上海,民营公司,3-4年经验,5,招10人,五险一金 年终奖金 周末双休 专业培训,少于50人
1401,前端开发,Web前端开发,Web前端开发工程师,上海龙照电子有限公司,1-1.5万/月,上海-浦东新区,民营公司,3-4年经验,6,招3人,五险一金 交通补贴 餐饮补贴 专业培训 年终奖金 定期体检,50-150人
1402,前端开发,Web前端开发,Web前端高级开发工程师,上海龙照电子有限公司,1.1-1.6万/月,上海-长宁区,民营公司,3-4年经验,6,招3人,五险一金 交通补贴 餐饮补贴 定期体检 专业培训 年终奖金,50-150人
1403,前端开发,Web前端开发,Web前端中级开发工程师,上海龙照电子有限公司,1-1.5万/月,上海-长宁区,民营公司,2年经验,6,招5人,五险一金 交通补贴 餐饮补贴 定期体检 专业培训 年终奖金,50-150人
1404,前端开发,Web前端开发,Web前端开发工程师,上海龙照电子有限公司,0.8-1.8万/月,上海-浦东新区,民营公司,3-4年经验,6,招10人,五险一金 交通补贴 餐饮补贴 专业培训 年终奖金 定期体检 弹性工作,50-150人
1405,前端开发,Web前端开发,Web前端开发工程师,物泊科技有限公司,1-1.5万/月,上海-浦东新区,民营公司,3-4年经验,6,招4人,五险一金 免费班车 免费中晚餐 年终奖金,150-500人
1406,前端开发,Web前端开发,高级前端开发工程师,物泊科技有限公司,1.5-3万/月,上海-浦东新区,民营公司,5-7年经验,6,招若干人,五险一金 年终奖金 定期体检 餐饮补贴 免费班车,150-500人
1407,前端开发,Web前端开发,前端架构师,物泊科技有限公司,1.5-3万/月,上海-浦东新区,民营公司,5-7年经验,5,招2人,五险一金 年终奖金 定期体检 餐饮补贴 免费班车,150-500人
1408,前端开发,Web前端开发,iOS前端工程师,上海盛大网络发展有限公司,2.5-3万/月,上海-浦东新区,民营公司,5-7年经验,6,招2人,,150-500人
1409,前端开发,Web前端开发,前端开发,兴业数字金融服务（上海）股份有限公司,20-30万/年,上海-浦东新区,合资,无需经验,6,招若干人,,500-1000人
1410,前端开发,Web前端开发,Web前端开发工程师,上海安维尔信息科技股份有限公司,1.5-2万/月,上海-浦东新区,民营公司,3-4年经验,6,招2人,五险一金 餐饮补贴 年终奖金 员工旅游,50-150人
1411,前端开发,Web前端开发,Web前端开发工程师,上海砥学信息科技有限公司,0.9-1.6万/月,上海-松江区,民营公司,2年经验,5,招若干人,五险一金 绩效奖金 年终奖金 交通补贴,50-150人
1412,前端开发,Web前端开发,Web前端开发工程师,桑田智能技术（上海）有限公司,1.5-1.8万/月,上海-宝山区,民营公司,3-4年经验,6,招1人,五险一金 员工旅游 交通补贴 餐饮补贴,少于50人
1413,前端开发,Web前端开发,VUE小程序前端开发,桑田智能技术（上海）有限公司,1.5-1.8万/月,上海-宝山区,民营公司,3-4年经验,5,招2人,五险一金 员工旅游 交通补贴 餐饮补贴,少于50人
1414,前端开发,Web前端开发,中级web前端开发工程师,桑田智能技术（上海）有限公司,1.5-1.8万/月,上海-宝山区,民营公司,5-7年经验,6,招1人,五险一金 员工旅游 交通补贴 餐饮补贴,少于50人
1415,前端开发,Web前端开发,前端中高级开发工程师-济南,上海梦创双杨数据科技股份有限公司,0.9-1.3万/月,上海-浦东新区,民营公司,3-4年经验,6,招4人,五险一金 专业培训 年终奖金 定期体检,1000-5000人
1416,前端开发,Web前端开发,Web前端开发工程师,中讯志远（武汉）科技有限公司,1-1.5万/月,上海-浦东新区,民营公司,3-4年经验,5,招5人,年终奖金 五险一金,50-150人
1417,前端开发,Web前端开发,Web前端开发工程师,中讯志远（武汉）科技有限公司,1-1.5万/月,上海-青浦区,民营公司,3-4年经验,5,招4人,年终奖金 五险一金,50-150人
1418,前端开发,Web前端开发,Web前端开发工程师,中讯志远（武汉）科技有限公司,0.8-1万/月,上海-虹口区,民营公司,2年经验,,招若干人,年终奖金 五险一金,50-150人
1419,前端开发,Web前端开发,高级前端开发工程师,润申标准化技术服务（上海）有限公司,15-30万/年,上海-杨浦区,民营公司,5-7年经验,6,招1人,五险一金 交通补贴 餐饮补贴 做五休二 专业培训 带薪年假 周末双休,少于50人
1420,前端开发,Web前端开发,Web前端开发工程师,中讯志远（武汉）科技有限公司,1-1.5万/月,上海-杨浦区,民营公司,5-7年经验,5,招5人,年终奖金 五险一金,50-150人
1421,前端开发,Web前端开发,Web前端开发工程师,中讯志远（武汉）科技有限公司,0.8-1万/月,上海-浦东新区,民营公司,3-4年经验,,招6人,年终奖金 五险一金,50-150人
1422,前端开发,Web前端开发,Web前端开发工程师,中讯志远（武汉）科技有限公司,1-1.5万/月,上海-杨浦区,民营公司,5-7年经验,5,招若干人,年终奖金 五险一金,50-150人
1423,前端开发,Web前端开发,Web前端开发工程师,中讯志远（武汉）科技有限公司,1-1.5万/月,上海-长宁区,民营公司,3-4年经验,5,招5人,年终奖金 五险一金,50-150人
1424,前端开发,Web前端开发,前端开发工程师（vue）,上海速强信息技术股份有限公司,1-1.5万/月,上海-浦东新区,民营公司,2年经验,5,招若干人,五险一金 员工旅游 定期体检 年终奖金 免费班车 专业培训 带薪年假 过节福利 人才推荐奖,150-500人
1425,前端开发,Web前端开发,资深前端开发工程师,上海红星共赢云计算科技有限公司,2.5-4万/月,上海-闵行区,民营公司,8-9年经验,6,招若干人,,150-500人
1426,前端开发,Web前端开发,前端开发工程师,上海速强信息技术股份有限公司,1-1.5万/月,上海-静安区,民营公司,3-4年经验,5,招1人,五险一金 员工旅游 年终奖金 定期体检 绩效奖金 生日礼券 节日福利,150-500人
1427,前端开发,Web前端开发,WEB前端工程师(HTML5),上海速强信息技术股份有限公司,1.5-2万/月,上海-浦东新区,民营公司,5-7年经验,5,招若干人,五险一金 免费班车 员工旅游 年终奖金 专业培训 定期体检 弹性工作 带薪年假 人才推荐奖 过节福利,150-500人
1428,前端开发,Web前端开发,Web前端开发工程师,上海速强信息技术股份有限公司,1-1.5万/月,上海-闵行区,民营公司,3-4年经验,5,招1人,,150-500人
1429,前端开发,Web前端开发,Web前端开发工程师（一年经验）,上海方融科技有限责任公司,7-9千/月,上海-虹口区,民营公司,1年经验,6,招2人,五险一金 弹性工作 股票期权 专业培训,50-150人
1430,前端开发,Web前端开发,前端开发工程师,上海新网程信息技术股份有限公司,1-1.8万/月,上海-普陀区,民营公司,3-4年经验,6,招2人,五险一金 交通补贴 员工旅游 年终奖金 股票期权 绩效奖金 通讯补贴,50-150人
1431,前端开发,Web前端开发,Web前端开发工程师,上海襄岳信息技术有限公司,1-2万/月,上海-浦东新区,民营公司,3-4年经验,6,招5人,,150-500人
1432,前端开发,Web前端开发,前端开发工程师,上海襄岳信息技术有限公司,1-2万/月,上海-闵行区,民营公司,3-4年经验,5,招12人,员工旅游 年终奖金 绩效奖金 节假日福利 五险一金,150-500人
1433,前端开发,Web前端开发,中级前端开发工程师,上海横申软件咨询有限公司,1.5-1.8万/月,上海,民营公司,3-4年经验,6,招1人,五险一金 员工旅游 年终奖金 定期体检 专业培训,50-150人
1434,前端开发,Web前端开发,前端开发工程师,上海横申软件咨询有限公司,1.3-1.8万/月,上海-浦东新区,民营公司,3-4年经验,6,招3人,五险一金 员工旅游 年终奖金 定期体检 专业培训,50-150人
1435,前端开发,Web前端开发,前端开发工程师（Angular),上海横申软件咨询有限公司,1.4-1.7万/月,上海-浦东新区,民营公司,1年经验,6,招2人,五险一金 员工旅游 年终奖金 定期体检 专业培训,50-150人
1436,前端开发,Web前端开发,Web前端开发工程师,上海菁淇信息科技有限公司,1-1.5万/月,上海-浦东新区,合资,2年经验,5,招若干人,,50-150人
1437,前端开发,Web前端开发,WEB技术工程师,上海微盼智能科技有限公司,1-1.5万/月,上海-浦东新区,合资,招若干人,,招若干人,,150-500人
1438,前端开发,Web前端开发,前端开发工程师,上海迄盼信息技术有限公司,1-1.5万/月,上海-徐汇区,合资,招若干人,,招若干人,,50-150人
1439,前端开发,Web前端开发,WEB技术工程师,上海翊缃智能科技有限公司,1.5-2万/月,上海-徐汇区,合资,招若干人,,招若干人,,50-150人
1440,前端开发,Web前端开发,WEB技术工程师,上海翊缃智能科技有限公司,1.5-2万/月,上海-浦东新区,合资,招若干人,,招若干人,,50-150人
1441,前端开发,Web前端开发,WEB技术工程师,上海柏迦科技有限公司,1-1.5万/月,上海-浦东新区,合资,招若干人,,招若干人,,50-150人
1442,前端开发,Web前端开发,Web前端开发工程师,上海科霏智能科技有限公司,1-1.5万/月,上海-浦东新区,合资,1年经验,5,招若干人,五险一金 交通补贴 餐饮补贴 通讯补贴 专业培训 员工旅游 绩效奖金 年终奖金 定期体检,150-500人
1443,前端开发,Web前端开发,高级Web前端工程师,上海铧盛计算机系统科技有限公司,1.8-2.5万/月,上海-闵行区,民营公司,5-7年经验,6,招3人,五险一金,少于50人
1444,前端开发,Web前端开发,Web前端开发工程师,上海靖戈智能科技有限公司,15-30万/年,上海-浦东新区,民营公司,3-4年经验,6,招1人,,50-150人
1445,前端开发,Web前端开发,Web前端开发工程师,上海悦高软件股份有限公司,0.6-1万/月,上海-黄浦区,上市公司,1年经验,6,招10人,五险一金 定期体检 带薪年假 周末双休 全勤奖,150-500人
1446,前端开发,Web前端开发,高级前端开发工程师（上海）,上海悦高软件股份有限公司,1.2-1.5万/月,上海-黄浦区,上市公司,3-4年经验,6,招10人,五险一金 绩效奖金 年终奖金 定期体检 定期团建 带薪年假 周末双休 全勤奖,150-500人
1447,前端开发,Web前端开发,web前端开发工程师（上海）,上海悦高软件股份有限公司,0.6-1万/月,上海-黄浦区,上市公司,1年经验,6,招10人,五险一金 定期体检 带薪年假 周末双休 全勤奖,150-500人
1448,前端开发,Web前端开发,Web高级前端开发工程师（上海）,上海悦高软件股份有限公司,1.2-1.5万/月,上海-黄浦区,上市公司,3-4年经验,6,招10人,五险一金 绩效奖金 年终奖金 定期体检 定期团建 带薪年假 周末双休 全勤奖,150-500人
1449,前端开发,Web前端开发,Web前端开发（上海）,上海悦高软件股份有限公司,0.6-1万/月,上海-黄浦区,上市公司,1年经验,6,招10人,五险一金 绩效奖金 年终奖金 定期体检 定期团建 带薪年假 周末双休 全勤奖,150-500人
1450,前端开发,Web前端开发,Web前端开发工程师（003）,上海悦高软件股份有限公司,0.6-1万/月,上海-黄浦区,上市公司,1年经验,6,招10人,五险一金 绩效奖金 年终奖金 定期体检 定期团建 带薪年假 周末双休 全勤奖,150-500人
1451,前端开发,Web前端开发,Web前端开发工程师（002）,上海悦高软件股份有限公司,0.6-1万/月,上海-黄浦区,上市公司,1年经验,6,招10人,五险一金 绩效奖金 年终奖金 定期体检 定期团建 带薪年假 周末双休 全勤奖,150-500人
1452,前端开发,Web前端开发,Web前端开发工程师（001）,上海悦高软件股份有限公司,0.6-1万/月,上海-黄浦区,上市公司,1年经验,6,招10人,五险一金 绩效奖金 年终奖金 定期体检 定期团建 带薪年假 周末双休 全勤奖,150-500人
1453,前端开发,Web前端开发,Web前端开发（上海）,上海悦高软件股份有限公司,0.6-1万/月,上海-黄浦区,上市公司,1年经验,6,招10人,五险一金 绩效奖金 年终奖金 定期体检 定期团建 带薪年假 周末双休 全勤奖,150-500人
1454,前端开发,Web前端开发,Web前端高级开发工程师（上海）,上海悦高软件股份有限公司,1.2-1.5万/月,上海-黄浦区,上市公司,3-4年经验,6,招10人,五险一金 绩效奖金 年终奖金 定期体检 定期团建 带薪年假 周末双休 全勤奖,150-500人
1455,前端开发,Web前端开发,Web高级前端开发工程师（上海）,上海悦高软件股份有限公司,1.2-1.5万/月,上海-黄浦区,上市公司,3-4年经验,6,招10人,五险一金 绩效奖金 年终奖金 定期体检 定期团建 带薪年假 周末双休 全勤奖,150-500人
1456,前端开发,Web前端开发,Web前端开发工程师,致新医联（北京）智能科技有限公司,1-2万/月,上海-长宁区,民营公司,5-7年经验,6,招3人,五险一金 餐饮补贴 专业培训 绩效奖金,50-150人
1457,前端开发,Web前端开发,高级前端开发工程师,致新医联（北京）智能科技有限公司,2-3万/月,上海-长宁区,民营公司,5-7年经验,6,招3人,五险一金 餐饮补贴 专业培训 绩效奖金,50-150人
1458,前端开发,Web前端开发,前端开发工程师(互联网医疗),致新医联（北京）智能科技有限公司,1.5-2.5万/月,上海-长宁区,民营公司,2年经验,6,招4人,五险一金 餐饮补贴 专业培训 绩效奖金,50-150人
1459,前端开发,Web前端开发,高级前端开发工程师(互联网医疗),致新医联（北京）智能科技有限公司,2-3万/月,上海-长宁区,民营公司,5-7年经验,6,招4人,五险一金 餐饮补贴 专业培训 绩效奖金,50-150人
1460,前端开发,Web前端开发,Web前端开发工程师,上海速强信息技术股份有限公司,2-3万/月,上海-静安区,民营公司,3-4年经验,6,招1人,,150-500人
1461,前端开发,Web前端开发,初中级前端开发,上海速强信息技术股份有限公司,0.8-1.8万/月,上海-浦东新区,民营公司,2年经验,5,招2人,,150-500人
1462,前端开发,Web前端开发,Angular前端工程师,上海纳诺商务咨询有限公司,1-2万/月,上海-松江区,民营公司,3-4年经验,5,招2人,,50-150人
1463,前端开发,Web前端开发,11417V-前端开发工程师,平安科技（深圳）有限公司,1.5-2万/月,上海-浦东新区,民营公司,3-4年经验,6,招1人,五险一金 绩效奖金 带薪年假 补充医疗保险 定期体检 节日福利,1000-5000人
1464,前端开发,Web前端开发,11416E-前端开发（资管中心）,平安科技（深圳）有限公司,1.5-2万/月,上海-浦东新区,民营公司,3-4年经验,6,招1人,五险一金 绩效奖金 带薪年假 节日福利 定期体检,1000-5000人
1465,前端开发,Web前端开发,1131CH-前端开发,平安科技（深圳）有限公司,1.5-2万/月,上海-浦东新区,民营公司,3-4年经验,6,招1人,五险一金 绩效奖金 带薪年假 节日福利 定期体检 高温补贴,1000-5000人
1466,前端开发,Web前端开发,Web前端开发工程师,上海众意信息科技有限公司,1.1-1.7万/月,上海-宝山区,民营公司,3-4年经验,5,招3人,五险一金 餐饮补贴 员工旅游 交通补贴 年终奖金,50-150人
1467,前端开发,Web前端开发,高级Java软件工程师-Cloverleaf UX,恩富软件（中国）有限公司,2-2.5万/月,上海-黄浦区,外资（欧美）,5-7年经验,6,招若干人,五险一金 补充医疗保险 餐饮补贴 专业培训 出国机会 弹性工作 定期体检,150-500人
1468,前端开发,Web前端开发,前端工程师（环球金融大厦）,上海吉贝克信息技术有限公司,2-2.5万/月,上海-浦东新区,民营公司,3-4年经验,6,招5人,,500-1000人
1469,前端开发,Web前端开发,Web前端开发工程师,上海锐赢信息技术有限公司,1.5-2万/月,上海-浦东新区,民营公司,3-4年经验,6,招若干人,五险一金 通讯补贴 专业培训 年终奖金 绩效奖金,150-500人
1470,前端开发,Web前端开发,Web前端开发工程师,上海锐赢信息技术有限公司,1.5-2万/月,上海-徐汇区,民营公司,3-4年经验,5,招4人,五险一金 通讯补贴 专业培训 年终奖金 绩效奖金,150-500人
1471,前端开发,Web前端开发,Web前端开发工程师,上海锐赢信息技术有限公司,1.5-2万/月,上海-静安区,民营公司,3-4年经验,6,招若干人,五险一金 通讯补贴 专业培训 年终奖金 绩效奖金,150-500人
1472,前端开发,Web前端开发,Web前端工程师,上海锐赢信息技术有限公司,1.5-2万/月,上海-杨浦区,民营公司,3-4年经验,5,招1人,,150-500人
1473,前端开发,Web前端开发,Web前端开发工程师,上海锐赢信息技术有限公司,1.5-2万/月,上海-浦东新区,民营公司,3-4年经验,5,招若干人,五险一金 通讯补贴 专业培训 年终奖金 绩效奖金,150-500人
1474,前端开发,Web前端开发,高级前端开发工程师,上海锐赢信息技术有限公司,1-2万/月,上海-闵行区,民营公司,5-7年经验,,招1人,五险一金 绩效奖金 年终奖金 弹性工作 餐饮补贴 定期体检,150-500人
1475,前端开发,Web前端开发,前端开发工程师,上海锐赢信息技术有限公司,1-1.5万/月,上海-浦东新区,民营公司,3-4年经验,6,招1人,五险一金 绩效奖金 年终奖金 弹性工作 餐饮补贴 定期体检,150-500人
1476,前端开发,Web前端开发,Web前端开发工程师,上海锐赢信息技术有限公司,1.5-2万/月,上海-黄浦区,民营公司,3-4年经验,6,招若干人,五险一金 通讯补贴 专业培训 年终奖金 绩效奖金,150-500人
1477,前端开发,Web前端开发,Web前端开发工程师,上海锐赢信息技术有限公司,1.5-2万/月,上海-杨浦区,民营公司,3-4年经验,5,招若干人,五险一金 通讯补贴 专业培训 年终奖金 绩效奖金,150-500人
1478,前端开发,Web前端开发,web前端开发工程师,上海锐赢信息技术有限公司,1.5-2万/月,上海-浦东新区,民营公司,3-4年经验,5,招3人,,150-500人
1479,前端开发,Web前端开发,Web前端开发工程师（react）,上海锐赢信息技术有限公司,1-1.5万/月,上海-浦东新区,民营公司,3-4年经验,6,招2人,五险一金 绩效奖金 年终奖金 弹性工作 餐饮补贴 定期体检,150-500人
1480,前端开发,Web前端开发,前端开发工程师,上海锐赢信息技术有限公司,1-1.5万/月,上海-浦东新区,民营公司,3-4年经验,5,招1人,五险一金 绩效奖金 年终奖金 弹性工作 餐饮补贴 定期体检,150-500人
1481,前端开发,Web前端开发,前端开发工程师,上海鸿翼软件技术股份有限公司,0.8-1万/月,上海-浦东新区,民营公司,2年经验,6,招若干人,,150-500人
1482,前端开发,Web前端开发,react开发工程师（寿险201）,上海复深蓝软件股份有限公司,1.5-2.5万/月,上海-黄浦区,上市公司,3-4年经验,5,招若干人,五险一金 交通补贴 专业培训 定期体检,1000-5000人
1483,前端开发,Web前端开发,react开发工程师-初级（寿险201）,上海复深蓝软件股份有限公司,0.8-1万/月,上海-浦东新区,上市公司,无需经验,5,招1人,五险一金 交通补贴 专业培训 定期体检,1000-5000人
1484,前端开发,Web前端开发,前端开发工程师,上海聚水潭网络科技有限公司,1.5-2.5万/月,上海-闵行区,民营公司,3-4年经验,6,招1人,五险一金 员工旅游 专业培训 餐饮补贴 弹性工作 定期体检 超长春节假期 节日福利 不定期团建,1000-5000人
1485,前端开发,Web前端开发,vue前端工程师,北京微聚万家科技有限公司,1-1.5万/月,上海-闵行区,合资,3-4年经验,6,招若干人,五险一金 员工旅游 交通补贴 餐饮补贴 通讯补贴 年终奖金 弹性工作,150-500人
1486,前端开发,Web前端开发,前端开发工程师,上海佳克计算机软件股份有限公司,1-1.5万/月,上海-静安区,民营公司,2年经验,5,招2人,做五休二 周末双休 带薪年假 五险一金 高温补贴 餐饮补贴 绩效奖金,50-150人
1487,前端开发,Web前端开发,前端开发工程师,上海佳克计算机软件股份有限公司,1-1.5万/月,上海-静安区,民营公司,2年经验,5,招2人,做五休二 周末双休 带薪年假 五险一金 高温补贴 餐饮补贴 绩效奖金,50-150人
1488,前端开发,Web前端开发,Web前端开发工程师,上海飞未信息技术有限公司,1-2万/月,上海-徐汇区,民营公司,3-4年经验,6,招5人,,50-150人
1489,前端开发,Web前端开发,Web前端开发工程师(vue)-06,上海复深蓝软件股份有限公司,1.5-2.1万/月,上海-浦东新区,上市公司,3-4年经验,5,招4人,五险一金 交通补贴 绩效奖金 年终奖金 带薪年假,1000-5000人
1490,前端开发,Web前端开发,Web前端开发工程师（react)-06,上海复深蓝软件股份有限公司,1.5-1.8万/月,上海-浦东新区,上市公司,3-4年经验,5,招1人,五险一金 交通补贴 绩效奖金 年终奖金 带薪年假,1000-5000人
1491,前端开发,Web前端开发,全栈工程师,申朴信息技术（上海）股份有限公司,1.5-2万/月,上海-闵行区,上市公司,3-4年经验,5,招若干人,,500-1000人
1492,前端开发,Web前端开发,前端开发工程师（vue）,申朴信息技术（上海）股份有限公司,1.3-1.8万/月,上海-浦东新区,上市公司,3-4年经验,5,招3人,五险一金 年终奖金,500-1000人
1493,前端开发,Web前端开发,前端开发工程师（vue）,申朴信息技术（上海）股份有限公司,1.3-1.8万/月,上海-闵行区,上市公司,3-4年经验,5,招3人,五险一金 年终奖金,500-1000人
1494,前端开发,Web前端开发,前端开发工程师（vue）,申朴信息技术（上海）股份有限公司,1.3-1.8万/月,上海-闵行区,上市公司,3-4年经验,5,招3人,五险一金 年终奖金,500-1000人
1495,前端开发,Web前端开发,前端开发工程师（vue）,申朴信息技术（上海）股份有限公司,1.3-1.8万/月,上海-浦东新区,上市公司,3-4年经验,5,招3人,五险一金 年终奖金,500-1000人
1496,前端开发,Web前端开发,前端开发工程师（vue）,申朴信息技术（上海）股份有限公司,1.3-1.8万/月,上海-浦东新区,上市公司,3-4年经验,5,招3人,五险一金 年终奖金,500-1000人
1497,前端开发,Web前端开发,前端开发工程师（vue）,申朴信息技术（上海）股份有限公司,1.3-1.8万/月,上海-浦东新区,上市公司,3-4年经验,5,招3人,五险一金 年终奖金,500-1000人
1498,前端开发,Web前端开发,前端开发工程师（vue）,申朴信息技术（上海）股份有限公司,1.3-1.8万/月,上海-浦东新区,上市公司,3-4年经验,5,招3人,五险一金 年终奖金,500-1000人
1499,前端开发,Web前端开发,前端开发工程师04,申朴信息技术（上海）股份有限公司,1.3-2万/月,上海-浦东新区,上市公司,3-4年经验,6,招2人,五险一金,500-1000人
1500,前端开发,Web前端开发,前端开发工程师,上海埃林哲软件系统股份有限公司,1.2-1.8万/月,上海-青浦区,上市公司,3-4年经验,6,招1人,,150-500人
1501,前端开发,Web前端开发,HTML5开发工程师,上海知平信息技术有限公司,1-1.5万/月,上海-奉贤区,民营公司,3-4年经验,5,招2人,五险一金 员工旅游 出国机会 年终奖金 定期体检,150-500人
1502,前端开发,Web前端开发,前端开发工程师(TJ),上海古猿科技有限公司,1.4-1.6万/月,上海-嘉定区,创业公司,3-4年经验,5,招1人,五险一金 弹性工作,少于50人
1503,前端开发,Web前端开发,Web前端开发工程师,英华达（上海）电子有限公司,0.6-1.2万/月,上海-徐汇区,外资（非欧美）,1年经验,6,招2人,五险一金 餐饮补贴 加班补贴 带薪年假 两两制,50-150人
1504,前端开发,Web前端开发,ReactJS Developer,探谋网络科技（上海）有限公司,1.1-1.8万/月,异地招聘,外资（欧美）,3-4年经验,5,招1人,五险一金 员工旅游 绩效奖金 专业培训 做五休二 周末双休 带薪年假,少于50人
1505,前端开发,Web前端开发,SAP  SD  实施顾问,德国殷智信息技术咨询,2-2.5万/月,上海,外资（欧美）,5-7年经验,6,招若干人,,5000-10000人
1506,前端开发,Web前端开发,Web前端开发工程师,上海兼达信息技术服务有限公司,1-1.5万/月,上海-浦东新区,民营公司,5-7年经验,5,招3人,,50-150人
1507,前端开发,Web前端开发,前端(JYF),上海古猿科技有限公司,1.5-2千/月,上海-黄浦区,创业公司,3-4年经验,5,招2人,五险一金 节假日福利 补充医疗保险 免费体检 加班可调休,少于50人
1508,前端开发,Web前端开发,前端开发（B站F）,上海古猿科技有限公司,1.2-1.5万/月,上海-杨浦区,创业公司,3-4年经验,6,招2人,五险一金 节假日福利 补充医疗保险 免费体检,少于50人
1509,前端开发,Web前端开发,React前端工程师,上海广亿信息技术有限公司,1.5-2万/月,上海-静安区,民营公司,3-4年经验,5,招3人,五险一金 员工旅游 年终奖金 定期体检 专业培训 绩效奖金 股票期权,50-150人
1510,前端开发,Web前端开发,Web前端开发工程师,上海远涛信息技术服务有限公司,1-1.5万/月,上海-虹口区,民营公司,2年经验,6,招2人,,50-150人
1511,前端开发,Web前端开发,前端工程师,鉴真防务技术（上海）有限公司,0.8-1.2万/月,上海-宝山区,民营公司,2年经验,6,招1人,周末双休 五险一金 电脑补贴 工龄津贴 节日福利,50-150人
1512,前端开发,Web前端开发,（急招）前端架构师,上海宽文是风软件有限公司,3-4万/月,上海-静安区,民营公司,5-7年经验,6,招1人,五险一金 员工旅游 交通补贴 弹性工作 年终奖金 绩效奖金,150-500人
1513,前端开发,Web前端开发,Web前端开发工程师,上海宽文是风软件有限公司,1.5-2.5万/月,上海-黄浦区,民营公司,3-4年经验,5,招1人,五险一金 绩效奖金 年终奖金 交通补贴 餐饮补贴 弹性工作 定期体检,150-500人
1514,前端开发,Web前端开发,前端开发工程师,上海宽文是风软件有限公司,1.3-1.8万/月,上海-浦东新区,民营公司,2年经验,6,招1人,五险一金 弹性工作,150-500人
1515,前端开发,Web前端开发,（急招）前端开发工程师,上海宽文是风软件有限公司,0.6-1万/月,上海-静安区,民营公司,1年经验,6,招2人,五险一金 员工旅游 交通补贴 弹性工作 年终奖金 绩效奖金,150-500人
1516,前端开发,Web前端开发,前端开发工程师,格尔软件股份有限公司,1.2-2万/月,上海,上市公司,3-4年经验,6,招1人,五险一金 员工旅游 专业培训,500-1000人
1517,前端开发,Web前端开发,前端开发工程师,格尔软件股份有限公司,1.2-2.4万/月,上海-松江区,上市公司,2年经验,6,招3人,五险一金 员工旅游 专业培训 年终奖金 定期体检,500-1000人
1518,前端开发,Web前端开发,前端开发工程师,上海缆新信息技术有限公司,1.2-1.8万/月,上海-杨浦区,创业公司,3-4年经验,6,招4人,,少于50人
1519,前端开发,Web前端开发,Web前端开发工程师,迪爱斯信息技术股份有限公司,0.6-2万/月,上海-浦东新区,国企,1年经验,6,招若干人,五险一金 补充公积金 定期体检 专业培训 年终奖金,500-1000人
1520,前端开发,Web前端开发,Web前端工程师,迪爱斯信息技术股份有限公司,0.6-1.5万/月,上海-徐汇区,国企,1年经验,6,招若干人,,500-1000人
1521,前端开发,Web前端开发,Web前端开发工程师,迪爱斯信息技术股份有限公司,0.6-1.5万/月,上海-徐汇区,国企,1年经验,6,招若干人,,500-1000人
1522,前端开发,Web前端开发,高级前端工程师,上海玳鸽信息技术有限公司,1-1.5万/月,上海-杨浦区,民营公司,3-4年经验,5,招若干人,,50-150人
1523,前端开发,Web前端开发,web前端开发,深圳市睿服科技有限公司,1.2-1.8万/月,上海-浦东新区,民营公司,3-4年经验,6,招若干人,,500-1000人
1524,前端开发,Web前端开发,高级前端开发工程师,维书信息科技（上海）有限公司,1.5-2.2万/月,上海-浦东新区,民营公司,5-7年经验,5,招2人,做五休二 周末双休 弹性工作 带薪年假 五险一金 绩效奖金,50-150人
1525,前端开发,Web前端开发,Android开发工程师,上海傲义电子科技有限公司,6-8千/月,上海-青浦区,民营公司,1年经验,6,招1人,,50-150人
1526,前端开发,Web前端开发,Web前端开发工程师,上海兀忧网络科技有限公司,1.5-2万/月,上海-闵行区,民营公司,5-7年经验,6,招2人,五险一金 绩效奖金 年终奖金,50-150人
1527,前端开发,Web前端开发,Web前端开发工程师,上海兀忧网络科技有限公司,3-4万/月,上海-闵行区,民营公司,5-7年经验,6,招2人,,50-150人
1528,前端开发,Web前端开发,前端开发工程师 2020271,富士康工业互联网股份有限公司,10.4-29.9万/年,上海-松江区,外资（非欧美）,2年经验,6,招3人,五险一金 免费班车 专业培训 绩效奖金 年终奖金 定期体检,10000人以上
1529,前端开发,Web前端开发,Web前端开发工程师（13）,上海复深蓝软件股份有限公司,1-1.5万/月,上海-徐汇区,上市公司,3-4年经验,5,招若干人,,1000-5000人
1530,前端开发,Web前端开发,某外资500强- React前端开发工程师,江苏超正科技有限公司,1.4-2万/月,上海-嘉定区,民营公司,3-4年经验,6,招1人,五险一金 周末双休 加班补贴 交通补贴 餐饮补贴,150-500人
1531,前端开发,Web前端开发,前端开发工程师,江苏超正科技有限公司,1.2-2万/月,上海-嘉定区,民营公司,2年经验,5,招4人,五险一金 周末双休 加班补贴 交通补贴 餐饮补贴,150-500人
1532,前端开发,Web前端开发,web前端开发工程师,江苏超正科技有限公司,1.2-1.8万/月,上海-浦东新区,民营公司,2年经验,6,招5人,,150-500人
1533,前端开发,Web前端开发,前端开发工程师,上海治熵信息科技有限公司,1.2-1.8万/月,上海-徐汇区,民营公司,3-4年经验,6,招2人,年终奖金 绩效奖金 弹性工作 五险一金,少于50人
1534,前端开发,Web前端开发,Web前端开发工程师,上海治熵信息科技有限公司,1-1.5万/月,上海-浦东新区,民营公司,3-4年经验,6,招1人,年终奖金 绩效奖金 弹性工作 五险一金,少于50人
1535,前端开发,Web前端开发,Web前端开发工程师,上海治熵信息科技有限公司,1.2-1.8万/月,上海-徐汇区,民营公司,3-4年经验,5,招3人,年终奖金 绩效奖金 弹性工作 五险一金,少于50人
1536,前端开发,Web前端开发,前端开发工程师,上海治熵信息科技有限公司,1.3-1.7万/月,上海-长宁区,民营公司,3-4年经验,5,招2人,年终奖金 绩效奖金 弹性工作 五险一金,少于50人
1537,前端开发,Web前端开发,前端开发工程师,上海治熵信息科技有限公司,1.3-1.6万/月,上海-杨浦区,民营公司,3-4年经验,6,招2人,年终奖金 绩效奖金 弹性工作 五险一金,少于50人
1538,前端开发,Web前端开发,前端开发工程师,上海治熵信息科技有限公司,1.3-1.5万/月,上海-浦东新区,民营公司,3-4年经验,6,招2人,年终奖金 绩效奖金 弹性工作 五险一金,少于50人
1539,前端开发,Web前端开发,前端开发工程师,上海治熵信息科技有限公司,1.3-1.8万/月,异地招聘,民营公司,2年经验,6,招2人,年终奖金 绩效奖金 弹性工作 五险一金,少于50人
1540,前端开发,Web前端开发,前端开发工程师,上海治熵信息科技有限公司,1.2-1.6万/月,上海-嘉定区,民营公司,3-4年经验,6,招4人,年终奖金 绩效奖金 弹性工作 五险一金,少于50人
1541,前端开发,Web前端开发,前端开发工程师,江苏易云科技有限公司,1-1.5万/月,上海-嘉定区,民营公司,3-4年经验,6,招3人,做五休二 年终奖金 五险一金,50-150人
1542,前端开发,Web前端开发,前端开发工程师（web app方向）,上海数展文化创意有限公司,1-2.2万/月,上海-闵行区,民营公司,5-7年经验,5,招2人,,50-150人
1543,前端开发,Web前端开发,Web前端开发工程师,上海幕库科技发展有限公司,500元/天,上海-杨浦区,民营公司,3-4年经验,6,招若干人,,少于50人
1544,前端开发,Web前端开发,Web前端架构师/Web前端开发项目经理/前端开发项目经理,大连隆基信息技术有限公司,3-5万/月,上海,外资（非欧美）,3-4年经验,5,招3人,五险一金 补充医疗保险 年终奖金 专业培训 定期体检 员工旅游 免费班车 弹性工作 通讯补贴 股票期权,150-500人
1545,前端开发,Web前端开发,Java/Web开发工程师,上海理泊软件科技有限公司,6-8千/月,上海-宝山区,民营公司,2年经验,5,招若干人,,50-150人
1546,前端开发,Web前端开发,Web前端开发工程师,上海吉贝克信息技术有限公司,1.3-1.8万/月,上海-浦东新区,民营公司,3-4年经验,5,招1人,五险一金 绩效奖金 年终奖金 通讯补贴 专业培训,500-1000人
1547,前端开发,Web前端开发,前端开发工程师,上海吉贝克信息技术有限公司,1.5-2.5万/月,上海-浦东新区,民营公司,5-7年经验,6,招3人,五险一金 员工旅游 通讯补贴 办公补贴 绩效奖金,500-1000人
1548,前端开发,Web前端开发,Web前端开发工程师,上海吉贝克信息技术有限公司,1.4-2.2万/月,上海-黄浦区,民营公司,3-4年经验,5,招若干人,,500-1000人
1549,前端开发,Web前端开发,中高级h5前端开发工程师（11）,上海复深蓝软件股份有限公司,2.5-3万/月,上海,上市公司,5-7年经验,5,招若干人,五险一金 员工旅游 出国机会 绩效奖金 年终奖金 股票期权 通讯补贴 专业培训 弹性工作 定期体检,1000-5000人
1550,前端开发,Web前端开发,前端开发主管（vue/react）03,上海复深蓝软件股份有限公司,2.5-3万/月,上海,上市公司,5-7年经验,6,招若干人,五险一金 年终奖金 绩效奖金 员工旅游 出国机会,1000-5000人
1551,前端开发,Web前端开发,前端开发工程师,南京迈特望科技股份有限公司,0.8-1.5万/月,上海-浦东新区,上市公司,2年经验,6,招1人,,1000-5000人
1552,前端开发,Web前端开发,前端开发,南京迈特望科技股份有限公司,1-2万/月,上海-浦东新区,上市公司,3-4年经验,6,招若干人,,1000-5000人
1553,前端开发,Web前端开发,前端工程师,上海迈志信息科技有限公司,1-1.5万/月,上海-黄浦区,民营公司,3-4年经验,5,招1人,五险一金 员工旅游 绩效奖金 年终奖金 定期体检,50-150人
1554,前端开发,Web前端开发,前端开发工程师,上海迈志信息科技有限公司,1-1.5万/月,上海-黄浦区,民营公司,3-4年经验,5,招1人,五险一金 员工旅游 绩效奖金 年终奖金 定期体检,50-150人
1555,前端开发,Web前端开发,前端工程师（angular）,上海迈志信息科技有限公司,1-1.5万/月,上海-黄浦区,民营公司,2年经验,5,招1人,五险一金 员工旅游 绩效奖金 年终奖金 定期体检,50-150人
1556,前端开发,Web前端开发,前端开发工程师,南京迈特望科技股份有限公司,1.1-2万/月,上海,上市公司,3-4年经验,5,招8人,六险一金 周末双休 朝九晚六 节日福利 生日福利,1000-5000人
1557,前端开发,Web前端开发,前端开发工程师/Web开发工程师,上海海魄信息科技股份有限公司,1-1.5万/月,上海-长宁区,民营公司,3-4年经验,5,招2人,,50-150人
1558,前端开发,Web前端开发,前端开发工程师（WEB）,上海因致信息科技有限公司,0.8-1.6万/月,上海-浦东新区,民营公司,2年经验,5,招2人,五险一金 餐饮补贴 定期体检 员工旅游 交通补贴,少于50人
1559,前端开发,Web前端开发,Web前端开发工程师,上海朋禾智能科技有限公司,1.2-1.5万/月,上海-浦东新区,民营公司,2年经验,6,招若干人,,少于50人
1560,前端开发,Web前端开发,高级前端开发工程师,上海宝申数字科技有限公司,3.5-4.5万/月,上海-闵行区,合资,5-7年经验,6,招1人,,50-150人
1561,前端开发,Web前端开发,前端技术支持工程师(J11359),上海汉得信息技术股份有限公司,1.5-2万/月,上海-青浦区,上市公司,2年经验,5,招5人,五险一金 补充医疗保险 补充公积金 定期体检,10000人以上
1562,前端开发,Web前端开发,web前端/H5开发工程师（17）,上海复深蓝软件股份有限公司,1.5-2万/月,上海-徐汇区,上市公司,3-4年经验,6,招2人,五险一金 员工旅游 出国机会 绩效奖金 年终奖金 弹性工作 定期体检 专业培训 通讯补贴,1000-5000人
1563,前端开发,Web前端开发,微信开发工程师,上海智盟网络科技有限公司,1-1.5万/月,上海-浦东新区,民营公司,1年经验,5,招若干人,,少于50人
1564,前端开发,Web前端开发,FF7754-React高级前端开发工程师,翼健（上海）信息科技有限公司,2.5-5万/月,上海-长宁区,民营公司,3-4年经验,6,招若干人,,50-150人
1565,前端开发,Web前端开发,WEB前端H5开发工程师需求说明,上海新致晟欧软件技术有限公司,1-1.5万/月,上海-浦东新区,民营公司,招2人,,招2人,,50-150人
1566,前端开发,Web前端开发,WEBGIS开发工程师G00194,上海数慧系统技术有限公司,0.8-1.5万/月,上海,民营公司,无需经验,6,招2人,五险一金 交通补贴 餐饮补贴 通讯补贴 定期体检 年底双薪 餐补 带薪年假 绩效奖金 节日福利,150-500人
1567,前端开发,Web前端开发,三维WebGIS开发工程师G00193,上海数慧系统技术有限公司,0.8-1.5万/月,上海,民营公司,无需经验,6,招2人,五险一金 交通补贴 餐饮补贴 通讯补贴 定期体检 年底双薪 餐补 带薪年假 绩效奖金 节日福利,150-500人
1568,前端开发,Web前端开发,WEBGIS开发工程师G00192,上海数慧系统技术有限公司,0.8-1.3万/月,上海,民营公司,无需经验,6,招3人,五险一金 交通补贴 餐饮补贴 通讯补贴 定期体检 年底双薪 餐补 带薪年假 绩效奖金 节日福利,150-500人
1569,前端开发,Web前端开发,WEB开发工程师G00175,上海数慧系统技术有限公司,0.7-1.4万/月,上海,民营公司,无需经验,6,招3人,五险一金 交通补贴 餐饮补贴 通讯补贴 定期体检 年底双薪 餐补 带薪年假 绩效奖金 节日福利,150-500人
1570,前端开发,Web前端开发,中级Web前端开发工程师,上海艾莎医学科技有限公司,1-1.5万/月,上海-徐汇区,民营公司,3-4年经验,5,招1人,五险一金 餐饮补贴 员工旅游 弹性工作 年终奖金 落户办理,150-500人
1571,前端开发,Web前端开发,Web前端开发工程师,深圳市锐明技术股份有限公司,0.8-1万/月,上海-杨浦区,上市公司,2年经验,6,招若干人,,1000-5000人
1572,前端开发,Web前端开发,PHP服务端工程师,迈檬信息科技（上海）有限公司,0.7-1.5万/月,上海-嘉定区,创业公司,1年经验,5,招2人,五险一金 员工旅游 交通补贴 餐饮补贴 绩效奖金,少于50人
1573,前端开发,Web前端开发,Web前端开发工程师,上海瀚世信息技术有限公司,0.8-1万/月,上海-徐汇区,民营公司,3-4年经验,6,招若干人,,50-150人
1574,前端开发,Web前端开发,前端开发工程师,上海宝宬冶金科技有限公司,1.3-2万/月,上海-嘉定区,民营公司,2年经验,6,招3人,五险一金 绩效奖金 年终奖金 餐饮补贴 专业培训 员工旅游 定期体检,少于50人
1575,前端开发,Web前端开发,Web前端设计师,上海宝宬冶金科技有限公司,1.3-2万/月,上海-嘉定区,民营公司,3-4年经验,6,招2人,五险一金 绩效奖金 年终奖金 餐饮补贴 专业培训 员工旅游 定期体检,少于50人
1576,前端开发,Web前端开发,三维可视化前端开发,上海普适导航科技股份有限公司,1.5-3万/月,上海-青浦区,上市公司,3-4年经验,6,招若干人,五险一金 交通补贴 餐饮补贴 通讯补贴 绩效奖金 年终奖金,50-150人
1577,前端开发,Web前端开发,前端三维开发工程师,上海普适导航科技股份有限公司,1.5-3万/月,上海-青浦区,上市公司,3-4年经验,6,招若干人,五险一金 交通补贴 餐饮补贴 通讯补贴 绩效奖金 年终奖金,50-150人
1578,前端开发,Web前端开发,高级web前端开发工程师,上海普适导航科技股份有限公司,1.5-3万/月,上海-青浦区,上市公司,2年经验,6,招若干人,五险一金 交通补贴 餐饮补贴 通讯补贴 绩效奖金 年终奖金,50-150人
1579,前端开发,Web前端开发,前端开发工程师,上海易路软件有限公司,2-3万/月,上海-闵行区,民营公司,5-7年经验,6,招2人,大牛带队 准独角兽企业 租房补贴 餐饮补贴 交通补贴 弹性工作 带薪年假 年终奖金 定期体检,150-500人
1580,前端开发,Web前端开发,web前端（Vue）-04,上海复深蓝软件股份有限公司,1-1.5万/月,上海-徐汇区,上市公司,3-4年经验,5,招1人,五险一金 年终奖金 交通补贴,1000-5000人
1581,前端开发,Web前端开发,Web前端开发工程师,上海未高科技有限公司,0.8-1.2万/月,上海-嘉定区,民营公司,2年经验,5,招5人,五险一金 周末双休 弹性工作 节日福利 员工旅游 民营公司 绩效奖金 年终奖金,少于50人
1582,前端开发,Web前端开发,Web前端开发工程师,上海镆尔科技有限公司,2-2.5万/月,上海-宝山区,民营公司,2年经验,6,招若干人,,少于50人
1583,前端开发,Web前端开发,web前端开发工程师（出差）,上海吉贝克信息技术有限公司,,上海-杨浦区,民营公司,3-4年经验,6,招1人,五险一金 员工旅游 通讯补贴 办公补贴 绩效奖金 股票期权,500-1000人
1584,前端开发,Web前端开发,初中级web前端开发工程师,上海中畅信息科技有限公司,0.7-1.2万/月,上海,民营公司,1年经验,6,招2人,五险一金 补充医疗保险 员工旅游 年终奖金 定期体检,50-150人
1585,前端开发,Web前端开发,Web前端开发工程师,上海飞未信息技术有限公司,1-1.8万/月,上海-徐汇区,民营公司,3-4年经验,6,招5人,,50-150人
1586,前端开发,Web前端开发,前端开发工程师,上海亚太神通计算机有限公司,1.2-2万/月,上海-浦东新区,民营公司,3-4年经验,6,招1人,五险一金 员工旅游 餐饮补贴 绩效奖金 定期体检,50-150人
1587,前端开发,Web前端开发,前端开发（管理系统开发）,上海吾创信息科技有限公司,1-1.5万/月,上海-浦东新区,民营公司,2年经验,6,招1人,带薪年假 五险一金 节日福利,150-500人
1588,前端开发,Web前端开发,Web前端开发,上海吾创信息科技有限公司,1-1.3万/月,上海-浦东新区,民营公司,2年经验,6,招1人,带薪年假 五险一金 节日福利,150-500人
1589,前端开发,Web前端开发,前端开发,上海吾创信息科技有限公司,1.2-1.6万/月,上海-杨浦区,民营公司,2年经验,6,招2人,带薪年假 五险一金 节日福利 餐饮补贴,150-500人
1590,前端开发,Web前端开发,前端开发工程师,深圳微品致远信息科技有限公司,1.5-2万/月,上海-浦东新区,民营公司,3-4年经验,6,招若干人,,150-500人
1591,前端开发,Web前端开发,前端开发工程师,武汉安天信息技术有限责任公司,1-2万/月,上海-浦东新区,民营公司,5-7年经验,5,招若干人,,150-500人
1592,前端开发,Web前端开发,Web前端开发工程师,上海九物科技有限公司,2-3万/月,上海-闵行区,民营公司,5-7年经验,5,招1人,五险一金 员工旅游 股票期权 年终奖金 绩效奖金,少于50人
1593,前端开发,Web前端开发,Web前端开发工程师（中级）,上海九物科技有限公司,1.6-2.3万/月,上海-闵行区,民营公司,3-4年经验,6,招1人,五险一金 员工旅游 股票期权 年终奖金 绩效奖金,少于50人
1594,前端开发,Web前端开发,前端开发工程师,上海嘉天信息技术有限公司,1.5-2.2万/月,上海-徐汇区,民营公司,3-4年经验,5,招1人,五险一金 员工旅游 绩效奖金 年终奖金 定期体检,50-150人
1595,前端开发,Web前端开发,前端开发经理,上海爱数信息技术股份有限公司,2.5-3.5万/月,上海,民营公司,5-7年经验,6,招1人,,1000-5000人
1596,前端开发,Web前端开发,Javascript开发工程师,上海云丹网络科技有限公司,1-2万/月,上海-徐汇区,民营公司,2年经验,6,招3人,,少于50人
1597,前端开发,Web前端开发,高级前端开发工程师,亮风台（上海）信息科技有限公司,2-3万/月,上海-浦东新区,创业公司,5-7年经验,6,招2人,五险一金 弹性工作 定期体检 带薪年假 节日福利 免费加班餐 专业培训 员工旅游 绩效奖金 餐饮补贴,150-500人
1598,前端开发,Web前端开发,前端开发工程师,万达信息股份有限公司,1-1.5万/月,上海,上市公司,3-4年经验,6,招若干人,五险一金 补充公积金 免费班车 定期体检,1000-5000人
1599,前端开发,Web前端开发,前端高级工程师,万达信息股份有限公司,1.8-2.8万/月,上海,上市公司,3-4年经验,6,招若干人,五险一金 补充公积金 免费班车 定期体检 通讯补贴,1000-5000人
1600,前端开发,Web前端开发,高级前端开发工程师,万达信息股份有限公司,1.5-2万/月,上海-闵行区,上市公司,3-4年经验,6,招若干人,五险一金 补充公积金 专业培训 定期体检,1000-5000人
1601,前端开发,Web前端开发,WEB前端,万达信息股份有限公司,1.5-3万/月,上海,上市公司,2年经验,6,招若干人,五险一金 补充公积金 绩效奖金 年终奖金,1000-5000人
1602,前端开发,Web前端开发,中级web前端开发工程师,万达信息股份有限公司,1.5-2万/月,上海-闵行区,上市公司,3-4年经验,6,招5人,五险一金 补充公积金 专业培训 定期体检,1000-5000人
1603,前端开发,Web前端开发,前端开发,万达信息股份有限公司,1.2-1.7万/月,上海,上市公司,5-7年经验,5,招若干人,五险一金 补充公积金 绩效奖金 年终奖金,1000-5000人
1604,前端开发,Web前端开发,前端开发工程师,上海跨境无忧网络技术有限公司,1.5-2万/月,上海-浦东新区,民营公司,3-4年经验,6,招1人,,少于50人
1605,前端开发,Web前端开发,前端开发工程师,上海皖缘企业登记代理有限公司,0.8-1万/月,上海-浦东新区,民营公司,1年经验,5,招2人,五险一金 员工旅游 交通补贴 专业培训 绩效奖金 年终奖金 弹性工作 定期体检 通讯补贴 补充公积金,50-150人
1606,前端开发,Web前端开发,前端工程师,苏州种梦客网络科技有限公司,1-1.5万/月,上海-虹口区,民营公司,3-4年经验,5,招若干人,,少于50人
1607,前端开发,Web前端开发,前端工程师（杨高中路）,苏州种梦客网络科技有限公司,1.2-1.5万/月,上海-浦东新区,民营公司,3-4年经验,5,招2人,五险一金 节日福利,少于50人
1608,前端开发,Web前端开发,前端（react   +  typescript）,苏州种梦客网络科技有限公司,1-1.5万/月,上海-长宁区,民营公司,3-4年经验,6,招2人,包住宿 五险一金 节日福利 餐饮补贴 住宿补贴,少于50人
1609,前端开发,Web前端开发,前端开发工程师-中高级,上海罗盘信息科技有限公司,1-1.5万/月,上海-黄浦区,民营公司,3-4年经验,6,招2人,五险一金 员工旅游 年终奖金 专业培训 绩效奖金,150-500人
1610,前端开发,Web前端开发,前端开发工程师-中级,上海罗盘信息科技有限公司,1.5-2万/月,上海-黄浦区,民营公司,3-4年经验,6,招2人,,150-500人
1611,前端开发,Web前端开发,Web前端开发工程师,上海三零卫士信息安全有限公司,1-2万/月,上海-徐汇区,国企,3-4年经验,6,招1人,五险一金 员工旅游 通讯补贴 专业培训 年终奖金 绩效奖金 定期体检,500-1000人
1612,前端开发,Web前端开发,Web前端开发工程师,大连华钦软件技术有限公司,1.1-2.2万/月,上海-浦东新区,民营公司,1年经验,5,招若干人,六险一金 绩效奖金 弹性工作 补充医疗保险 定期体检 年终奖金,
1613,前端开发,Web前端开发,前端开发工程师,上海绯逸信息技术有限公司,1-1.5万/月,上海-浦东新区,民营公司,3-4年经验,5,招5人,,50-150人
1614,前端开发,Web前端开发,前端开发工程师,上海绯逸信息技术有限公司,1.2-1.6万/月,上海-普陀区,民营公司,3-4年经验,5,招1人,,50-150人
1615,前端开发,Web前端开发,Web前端开发工程师,上海绯逸信息技术有限公司,1.3-1.7万/月,上海-闵行区,民营公司,5-7年经验,5,招4人,,50-150人
1616,前端开发,Web前端开发,中级前端开发工程师,上海绯逸信息技术有限公司,1.5-1.8万/月,上海-闵行区,民营公司,5-7年经验,,招2人,五险一金 弹性工作,50-150人
1617,前端开发,Web前端开发,前端开发工程师,上海绯逸信息技术有限公司,1.2-1.6万/月,上海-浦东新区,民营公司,3-4年经验,,招2人,五险一金 弹性工作,50-150人
1618,前端开发,Web前端开发,Web前端开发工程师,北京腾信软创科技股份有限公司,1.4-1.8万/月,上海-浦东新区,上市公司,3-4年经验,5,招1人,定期体检 五险一金 员工旅游 交通补贴 餐饮补贴 专业培训,500-1000人
1619,前端开发,Web前端开发,Web前端开发工程师,上海祺科信息工程有限公司,0.5-2万/月,上海-闵行区,民营公司,本科,6,招6人,五险一金 员工旅游 交通补贴 餐饮补贴 出国机会 绩效奖金 年终奖金,50-150人
1620,前端开发,Web前端开发,Web前端开发工程师,上海裕宁信息科技有限公司,1.5-2万/月,上海-杨浦区,民营公司,3-4年经验,5,招1人,五险一金 员工旅游 绩效奖金 年终奖金 交通补贴 专业培训,150-500人
1621,前端开发,Web前端开发,web前端（熟练react、Vue）,上海裕宁信息科技有限公司,1.5-1.7万/月,上海-浦东新区,民营公司,3-4年经验,6,招2人,五险一金 员工旅游 绩效奖金 年终奖金 交通补贴 专业培训,150-500人
1622,前端开发,Web前端开发,web前端开发工程师,盟拓软件（苏州）有限公司,1.2-1.6万/月,上海-杨浦区,合资,3-4年经验,5,招1人,五险一金 员工旅游 年终奖金 专业培训 餐饮补贴,500-1000人
1623,前端开发,Web前端开发,Web前端开发工程师,上海云简软件科技有限公司,1.5-2.5万/月,上海-浦东新区,民营公司,3-4年经验,6,招8人,年底双薪 股票期权 带薪年假 午餐补助 扁平管理 技能培训 岗位晋升 五险一金 发展空间大 全勤奖,50-150人
1624,前端开发,Web前端开发,前端开发工程师,上海韦晴软件科技有限公司,1.5-2.5万/月,上海,民营公司,5-7年经验,6,招1人,年终奖金 绩效奖金 五险一金 员工旅游 专业培训,50-150人
1625,前端开发,Web前端开发,前端开发工程师,黑龙江省祥泰佳信科技有限公司,0.8-1万/月,上海,民营公司,2年经验,6,招1人,,150-500人
1626,前端开发,Web前端开发,前端,黑龙江省祥泰佳信科技有限公司,0.8-1万/月,上海,民营公司,1年经验,6,招1人,,150-500人
1627,前端开发,Web前端开发,cesium前端工程师,赛瓦软件(上海)有限公司,1.5-2.5万/月,上海-徐汇区,民营公司,2年经验,6,招1人,五险一金 通讯补贴 年终奖金 弹性工作 交通补贴 餐饮补贴 定期体检 股票期权 专业培训 商业保险,50-150人
1628,前端开发,Web前端开发,前端开发工程师,赛瓦软件(上海)有限公司,1-1.5万/月,上海-徐汇区,民营公司,1年经验,6,招2人,五险一金 通讯补贴 年终奖金 弹性工作 交通补贴 餐饮补贴 定期体检 股票期权 专业培训 商业保险,50-150人
1629,前端开发,Web前端开发,前端开发工程师(React)（不满足条件，请勿投简历）,上海东篱信息科技有限公司,0.8-1.2万/月,上海-闵行区,民营公司,3-4年经验,6,招4人,五险一金 年终奖金 绩效奖金 员工旅游 专业培训 通讯补贴 餐饮补贴 交通补贴 弹性工作,50-150人
1630,前端开发,Web前端开发,Web前端开发工程师,上海东篱信息科技有限公司,1-1.5万/月,上海-闵行区,民营公司,3-4年经验,5,招5人,五险一金 年终奖金 绩效奖金 员工旅游 专业培训 通讯补贴 餐饮补贴 交通补贴 弹性工作,50-150人
1631,前端开发,Web前端开发,高级前端开发工程师,学透通医疗科技（上海）有限公司,1.5-2.5万/月,上海-静安区,合资,5-7年经验,6,招1人,五险一金 年终奖金 专业培训 带薪年假,150-500人
1632,前端开发,Web前端开发,中级前端开发工程师(J10496),上海耸智信息科技有限公司,1-1.5万/月,上海-浦东新区,民营公司,3-4年经验,6,招1人,周末双休 弹性工作 五险一金,150-500人
1633,前端开发,Web前端开发,前端开发工程师(J10500),上海耸智信息科技有限公司,1.5-2万/月,上海-浦东新区,民营公司,3-4年经验,6,招1人,周末双休 弹性工作 五险一金,150-500人
1634,前端开发,Web前端开发,前端开发工程师(J10500),上海耸智信息科技有限公司,1.5-2万/月,上海-浦东新区,民营公司,3-4年经验,6,招1人,周末双休 弹性工作 五险一金,150-500人
1635,前端开发,Web前端开发,Web前端开发工程师,上海全晓信息技术有限公司,1.2-1.7万/月,上海-杨浦区,民营公司,2年经验,6,招若干人,,150-500人
1636,前端开发,Web前端开发,前端开发工程师,上海远涛信息技术服务有限公司,1-1.5万/月,上海-虹口区,民营公司,2年经验,6,招2人,五险一金 绩效奖金 员工旅游 定期体检,50-150人
1637,前端开发,Web前端开发,高级前端开发工程师,上海伯俊软件科技有限公司,1.8-2.6万/月,上海-闵行区,民营公司,3-4年经验,5,招1人,,150-500人
1638,前端开发,Web前端开发,前端开发工程师,上海坤亿信息技术有限公司,1.2-1.8万/月,上海,民营公司,3-4年经验,5,招2人,五险一金 绩效奖金 年终奖金 专业培训,150-500人
1639,前端开发,Web前端开发,前端开发工程师,上海坤亿信息技术有限公司,1.2-1.6万/月,上海-徐汇区,民营公司,2年经验,6,招若干人,,150-500人
1640,前端开发,Web前端开发,Web前端开发工程师,上海坤亿信息技术有限公司,1.2-1.6万/月,上海-徐汇区,民营公司,2年经验,6,招1人,五险一金 加班少,150-500人
1641,前端开发,Web前端开发,前端工程师,上海坤亿信息技术有限公司,1-1.5万/月,上海-长宁区,民营公司,3-4年经验,5,招1人,五险一金 加班少,150-500人
1642,前端开发,Web前端开发,前端,上海坤亿信息技术有限公司,1.3-1.8万/月,上海-徐汇区,民营公司,5-7年经验,5,招若干人,,150-500人
1643,前端开发,Web前端开发,前端（外派平安）徐汇 或 浦东新区,上海讯锡信息科技有限公司,1-1.2万/月,上海-徐汇区,民营公司,3-4年经验,6,招5人,,500-1000人
1644,前端开发,Web前端开发,网页开发工程师,上海环安软件有限公司,0.8-1.3万/月,上海-浦东新区,外资（欧美）,1年经验,6,招1人,五险一金 补充医疗保险 补充公积金 弹性工作 定期体检 带薪年假 交通补贴 餐饮补贴 员工旅游 绩效奖金,150-500人
1645,前端开发,Web前端开发,前端小程序开发,北京腾信软创科技股份有限公司,1.2-1.7万/月,上海-闵行区,上市公司,3-4年经验,5,招2人,定期体检 五险一金 员工旅游 交通补贴 餐饮补贴 专业培训,500-1000人
1646,前端开发,Web前端开发,前端开发工程师,深圳思谋信息科技有限公司,2.5-5万/月,异地招聘,外资（非欧美）,2年经验,6,招若干人,五险一金 绩效奖金 年终奖金 定期体检 专业培训,150-500人
1647,前端开发,Web前端开发,前端开发工程师,上海伯俊软件科技有限公司,1-1.5万/月,上海-闵行区,民营公司,3-4年经验,5,招3人,五险一金 通讯补贴 餐饮补贴 员工旅游,150-500人
1648,前端开发,Web前端开发,前端开发工程师/web工程师/前端/前端,上海赋算通云计算科技有限公司,0.7-1.3万/月,上海-浦东新区,民营公司,2年经验,6,招若干人,五险一金 年终奖金 专业培训 绩效奖金 周末双休 餐饮补贴 弹性工作 定期体检,少于50人
1649,前端开发,Web前端开发,Web前端开发工程师,上海威派格智慧水务股份有限公司,1.5-2.5万/月,上海-嘉定区,上市公司,3-4年经验,6,招若干人,年终奖金 社保公积金 餐饮补贴 住房补贴 定期体检 员工旅游 涨薪晋升,1000-5000人
1650,前端开发,Web前端开发,软件开发/JAVA/WEB,豆根网络科技（上海）有限公司,2-2.5万/月,上海-嘉定区,民营公司,3-4年经验,6,招1人,五险一金 年终奖金 免费班车 专业培训,50-150人
1651,前端开发,Web前端开发,BPM系统前端开发工程师,融营通信科技（上海）有限公司,1-1.5万/月,上海-徐汇区,民营公司,3-4年经验,5,招1人,五险一金 员工旅游 餐饮补贴 年终奖金 团建活动 全勤奖 周末双休 年底多薪 生日福利 节日福利,50-150人
1652,前端开发,Web前端开发,Web前端开发工程师,上海华钛信息科技有限公司,1.2-1.5万/月,异地招聘,民营公司,3-4年经验,6,招4人,五险一金 专业培训 定期体检 员工旅游 绩效奖金 年终奖金 做五休二,50-150人
1653,前端开发,Web前端开发,Vue前端开发工程师,上海东富龙智能控制技术有限公司,1-1.5万/月,上海-闵行区,合资,2年经验,6,招3人,五险一金 餐饮补贴 弹性工作 免费班车 员工旅游 绩效奖金 年终奖金,50-150人
1654,前端开发,Web前端开发,资深前端工程师,久瓴（上海）智能科技有限公司常州分公司,1.8-3万/月,上海-徐汇区,民营公司,5-7年经验,6,招2人,五险一金 餐饮补贴 年终奖金 专业培训,50-150人
1655,前端开发,Web前端开发,Web前端开发工程师,上海桑万信息技术有限公司,1.5-2万/月,上海-徐汇区,民营公司,5-7年经验,5,招2人,,50-150人
1656,前端开发,Web前端开发,前端开发,宁波比孚信息科技有限公司,1.5-2.5万/月,上海,合资,3-4年经验,5,招1人,带薪年假 五险一金 节日福利 专业培训,150-500人
1657,前端开发,Web前端开发,前端开发工程师,上海实壹信息科技有限公司,1.5-2.8万/月,上海-浦东新区,合资,3-4年经验,5,招若干人,五险一金 员工旅游 绩效奖金 年终奖金 弹性工作 团队聚餐 定期体检,150-500人
1658,前端开发,Web前端开发,Web前端开发工程师,深圳市德科信息技术有限公司,1.5-2万/月,上海-杨浦区,民营公司,3-4年经验,6,招1人,五险一金,1000-5000人
1659,前端开发,Web前端开发,前端工程师,上海仙软信息科技有限公司,1.5-2万/月,上海-浦东新区,民营公司,3-4年经验,6,招2人,五险一金 员工旅游 交通补贴 餐饮补贴 专业培训 年终奖金 弹性工作 美女如云,150-500人
1660,前端开发,Web前端开发,前端工程师,上海仙软信息科技有限公司,1.5-2万/月,上海-浦东新区,民营公司,3-4年经验,6,招1人,,150-500人
1661,前端开发,Web前端开发,前端工程师,上海迈志信息科技有限公司,1.5-2万/月,上海-黄浦区,民营公司,3-4年经验,5,招若干人,五险一金 员工旅游 定期体检,50-150人
1662,前端开发,Web前端开发,前端开发工程师,步康（上海）软件有限公司,10-20万/年,上海-黄浦区,外资（欧美）,3-4年经验,5,招若干人,五险一金 年终奖金,50-150人
1663,前端开发,Web前端开发,前端开发工程师,源杉数据科技（上海）有限公司,1.6-3万/月,上海-杨浦区,民营公司,3-4年经验,6,招3人,五险一金 年终奖金 弹性工作 股票期权 零食无限量 员工旅游,少于50人
1664,前端开发,Web前端开发,前端开发工程师（上海-AI-智能平台）,云从科技,1.8-2.5万/月,上海,民营公司,5-7年经验,6,招1人,五险一金 免费班车 餐饮补贴 专业培训 绩效奖金 年终奖金 弹性工作,1000-5000人
1665,前端开发,Web前端开发,3D前端开发工程师,云从科技,1.8-3万/月,上海,民营公司,5-7年经验,6,招1人,,1000-5000人
1666,前端开发,Web前端开发,中级前端开发工程师—超脑(J10504),上海耸智信息科技有限公司,1-1.5万/月,上海-浦东新区,民营公司,3-4年经验,6,招1人,周末双休 弹性工作 五险一金,150-500人
1667,前端开发,Web前端开发,高级前端开发工程师(J10496),上海耸智信息科技有限公司,1.5-2万/月,上海-浦东新区,民营公司,5-7年经验,6,招1人,周末双休 弹性工作 五险一金,150-500人
1668,前端开发,Web前端开发,前端开发工程师(J10490),上海耸智信息科技有限公司,1-1.6万/月,上海-黄浦区,民营公司,2年经验,6,招1人,周末双休 弹性工作 五险一金 餐饮补贴 绩效奖金 年终奖金,150-500人
1669,前端开发,Web前端开发,前端开发工程师(J10486),上海耸智信息科技有限公司,1-1.5万/月,上海-浦东新区,民营公司,2年经验,6,招2人,周末双休 弹性工作 五险一金 餐饮补贴 绩效奖金 年终奖金,150-500人
1670,前端开发,Web前端开发,前端开发工程师(J10456),上海耸智信息科技有限公司,1-1.4万/月,上海-黄浦区,民营公司,3-4年经验,5,招1人,周末双休 弹性工作 五险一金,150-500人
1671,前端开发,Web前端开发,前端开发工程师,迪原创新（北京）科技有限公司,1-1.8万/月,上海-闵行区,民营公司,2年经验,6,招3人,五险一金 员工旅游 定期体检 餐饮补贴 交通补贴,150-500人
1672,前端开发,Web前端开发,前端开发工程师,铭农（上海）信息科技有限公司,1-1.5万/月,上海-宝山区,民营公司,2年经验,5,招10人,五险一金 绩效奖金 餐饮补贴,50-150人
1673,前端开发,Web前端开发,Web前端工程师/网页美工,铭农（上海）信息科技有限公司,6-8千/月,上海-宝山区,民营公司,1年经验,4,招1人,,50-150人
1674,前端开发,Web前端开发,前端开发工程师,竹间智能科技（上海）有限公司,1.2-3万/月,上海,外资（欧美）,3-4年经验,6,招若干人,餐饮补贴 年终奖金 弹性工作 六险一金,150-500人
1675,前端开发,Web前端开发,前端开发工程师（教育项目）,上海恒志软件科技有限公司,1.2-1.7万/月,上海-杨浦区,民营公司,3-4年经验,6,招2人,五险一金 员工旅游 年终奖金 绩效奖金 餐饮补贴 交通补贴 通讯补贴 专业培训 弹性工作,150-500人
1676,前端开发,Web前端开发,前端开发-中台-sh（外包网易）,汉堂软件工程（上海）有限公司,1.5-2万/月,上海-黄浦区,民营公司,3-4年经验,6,招若干人,五险一金 餐饮补贴 通讯补贴 交通补贴 绩效奖金 弹性工作,150-500人
1677,前端开发,Web前端开发,react前端开发工程师,上海森亿医疗科技有限公司,1.5-2万/月,上海-浦东新区,民营公司,2年经验,6,招若干人,,150-500人
1678,前端开发,Web前端开发,前端开发工程师,上海森亿医疗科技有限公司,1.5-3万/月,上海-浦东新区,民营公司,2年经验,6,招若干人,,150-500人
1679,前端开发,Web前端开发,前端开发工程师,上海森亿医疗科技有限公司,1.5-2万/月,上海-浦东新区,民营公司,3-4年经验,6,招1人,五险一金 补充医疗保险 交通补贴 弹性工作 股票期权 年终奖金 专业培训 定期体检,150-500人
1680,前端开发,Web前端开发,Web前端开发工程师,上海迈伺通机器人科技有限责任公司,1-3万/月,上海-徐汇区,民营公司,2年经验,6,招5人,,少于50人
1681,前端开发,Web前端开发,高级web前端开发工程师,深圳极联信息技术股份有限公司,1.5-2万/月,上海,民营公司,5-7年经验,6,招若干人,五险一金 专业培训 绩效奖金 年终奖金 定期体检 员工旅游 弹性工作,500-1000人
1682,前端开发,Web前端开发,高级Web前端开发工程师,深圳极联信息技术股份有限公司,1.5-2万/月,上海-虹口区,民营公司,5-7年经验,5,招1人,五险一金 员工旅游 年终奖金 绩效奖金 弹性工作 专业培训 定期体检 全勤奖,500-1000人
1683,前端开发,Web前端开发,Web前端开发工程师,深圳极联信息技术股份有限公司,1-1.5万/月,上海,民营公司,3-4年经验,6,招若干人,周末双休 弹性工作 五险一金 全勤奖 专业培训 员工旅游 定期体检,500-1000人
1684,前端开发,Web前端开发,Java开发工程师,深圳极联信息技术股份有限公司,1.5-2万/月,上海,民营公司,5-7年经验,6,招3人,五险一金 绩效奖金 年终奖金 定期体检 补充医疗保险 补充公积金,500-1000人
1685,前端开发,Web前端开发,Web前端开发工程师,深圳极联信息技术股份有限公司,1-1.5万/月,上海,民营公司,5-7年经验,6,招3人,五险一金 绩效奖金 年终奖金 定期体检 补充医疗保险 补充公积金,500-1000人
1686,前端开发,Web前端开发,Web前端开发工程师,深圳极联信息技术股份有限公司,1.5-2万/月,上海,民营公司,3-4年经验,5,招5人,五险一金 绩效奖金 年终奖金 定期体检 补充医疗保险 补充公积金,500-1000人
1687,前端开发,Web前端开发,Web前端开发工程师,深圳极联信息技术股份有限公司,0.8-1.7万/月,上海-黄浦区,民营公司,3-4年经验,5,招若干人,五险一金 员工旅游 年终奖金 绩效奖金 弹性工作 专业培训 定期体检 全勤奖,500-1000人
1688,前端开发,Web前端开发,Web前端开发工程师,深圳极联信息技术股份有限公司,1.5-1.8万/月,上海-黄浦区,民营公司,3-4年经验,5,招2人,五险一金 员工旅游 交通补贴 餐饮补贴 通讯补贴 专业培训 年终奖金 定期体检,500-1000人
1689,前端开发,Web前端开发,Web前端开发工程师,深圳极联信息技术股份有限公司,1-1.5万/月,上海,民营公司,3-4年经验,5,招2人,五险一金 绩效奖金 年终奖金 定期体检 补充医疗保险 补充公积金,500-1000人
1690,前端开发,Web前端开发,HTML5开发工程师,深圳极联信息技术股份有限公司,1-1.5万/月,上海,民营公司,3-4年经验,5,招3人,五险一金 绩效奖金 年终奖金 定期体检 补充医疗保险 补充公积金,500-1000人
1691,前端开发,Web前端开发,Web前端开发工程师,深圳极联信息技术股份有限公司,1-1.5万/月,上海,民营公司,3-4年经验,5,招1人,五险一金 员工旅游 定期体检 弹性工作 年终奖金 补充医疗保险 补充公积金,500-1000人
1692,前端开发,Web前端开发,Web前端开发工程师,深圳极联信息技术股份有限公司,1-1.5万/月,上海-闵行区,民营公司,3-4年经验,5,招2人,五险一金 弹性工作 年终奖金,500-1000人
1693,前端开发,Web前端开发,Web前端开发工程师,深圳极联信息技术股份有限公司,1.3-2万/月,上海-嘉定区,民营公司,3-4年经验,5,招1人,五险一金 弹性工作 年终奖金,500-1000人
1694,前端开发,Web前端开发,Web前端开发工程师,深圳极联信息技术股份有限公司,1.3-2万/月,上海-闵行区,民营公司,3-4年经验,5,招1人,五险一金 弹性工作 年终奖金,500-1000人
1695,前端开发,Web前端开发,高级web前端工程师,美国K2软件（中国）,1.5-2.5万/月,上海-徐汇区,外资（非欧美）,5-7年经验,6,招1人,五险一金 定期体检,50-150人
1696,前端开发,Web前端开发,前端开发-上海知名航空公司,汉堂软件工程（上海）有限公司,0.8-1.2万/月,上海-长宁区,民营公司,3-4年经验,5,招若干人,五险一金 弹性工作 交通补贴 餐饮补贴 通讯补贴 年终奖金 专业培训 绩效奖金 定期体检 免费班车,150-500人
1697,前端开发,Web前端开发,高级前端工程师,久瓴（上海）智能科技有限公司常州分公司,1.5-2万/月,上海-徐汇区,民营公司,3-4年经验,6,招1人,五险一金 餐饮补贴 年终奖金 专业培训,50-150人
1698,前端开发,Web前端开发,资深前端工程师,久瓴（上海）智能科技有限公司常州分公司,1.5-2万/月,上海-徐汇区,民营公司,3-4年经验,6,招1人,五险一金 餐饮补贴 年终奖金 专业培训,50-150人
1699,前端开发,Web前端开发,前端开发工程师,上海复深蓝软件股份有限公司,2-4万/月,上海-浦东新区,上市公司,5-7年经验,6,招5人,五险一金 专业培训 年终奖金,1000-5000人
1700,前端开发,Web前端开发,react开发工程师,上海复深蓝软件股份有限公司,1.6-2.5万/月,上海-浦东新区,上市公司,3-4年经验,5,招若干人,,1000-5000人
1701,前端开发,Web前端开发,前端开发工程师,上海复深蓝软件股份有限公司,2-4万/月,异地招聘,上市公司,5-7年经验,5,招5人,五险一金 专业培训 年终奖金,1000-5000人
1702,前端开发,Web前端开发,react开发工程师（08）,上海复深蓝软件股份有限公司,0.9-1.5万/月,上海-浦东新区,上市公司,2年经验,5,招1人,绩效奖金 带薪年假 五险一金 节日福利 专业培训 年终奖金 交通补贴,1000-5000人
1703,前端开发,Web前端开发,React开发工程师,上海复深蓝软件股份有限公司,1.5-2.5万/月,上海-徐汇区,上市公司,5-7年经验,6,招2人,五险一金 交通补贴 绩效奖金 年终奖金 带薪年假,1000-5000人
1704,前端开发,Web前端开发,前端开发 (MJ000998),京北方信息技术股份有限公司,1.3-1.7万/月,上海-浦东新区,民营公司,3-4年经验,5,招5人,,10000人以上
1705,前端开发,Web前端开发,前端开发工程师 (MJ000839),京北方信息技术股份有限公司,1.5-1.8万/月,上海-浦东新区,民营公司,5-7年经验,5,招4人,,10000人以上
1706,前端开发,Web前端开发,前端开发工程师-上海嘉定-02004,京北方信息技术股份有限公司,1.5-1.9万/月,上海,民营公司,3-4年经验,6,招2人,,10000人以上
1707,前端开发,Web前端开发,全栈开发工程师 (MJ000744),京北方信息技术股份有限公司,1.6-2万/月,上海-浦东新区,民营公司,3-4年经验,6,招5人,,10000人以上
1708,前端开发,Web前端开发,前端开发工程师 (MJ000438),京北方信息技术股份有限公司,1-1.4万/月,上海-浦东新区,民营公司,5-7年经验,5,招4人,,10000人以上
1709,前端开发,Web前端开发,高级前端开发工程师 (MJ000128),京北方信息技术股份有限公司,1.3-1.7万/月,上海-浦东新区,民营公司,3-4年经验,6,招2人,,10000人以上
1710,前端开发,Web前端开发,react前端开发,北京腾信软创科技股份有限公司,1.5-2万/月,上海-闵行区,上市公司,3-4年经验,5,招2人,定期体检 五险一金 员工旅游 交通补贴 餐饮补贴 专业培训,500-1000人
1711,前端开发,Web前端开发,前端开发工程师-知名游戏巨头,汉堂软件工程（上海）有限公司,0.9-1.8万/月,上海-松江区,民营公司,1年经验,6,招1人,周末双休 五险一金 弹性工作 年终奖金,150-500人
1712,前端开发,Web前端开发,前端开发工程师_A,远弘信息技术（上海）有限公司,1-1.5万/月,上海-徐汇区,民营公司,3-4年经验,6,招2人,五险一金 弹性工作 做五休二 年终奖金 定期体检,50-150人
1713,前端开发,Web前端开发,前端开发工程师_B,远弘信息技术（上海）有限公司,0.8-1.5万/月,异地招聘,民营公司,5-7年经验,6,招3人,五险一金 弹性工作 做五休二 年终奖金 定期体检,50-150人
1714,前端开发,Web前端开发,前端开发工程师,上海有大信息科技有限公司,1.3-1.8万/月,上海-浦东新区,民营公司,3-4年经验,6,招2人,,50-150人
1715,前端开发,Web前端开发,前端开发工程师,上海伯俊软件科技有限公司,1.3-1.8万/月,上海-闵行区,民营公司,3-4年经验,5,招3人,,150-500人
1716,前端开发,Web前端开发,前端开发工程师,上海伯俊软件科技有限公司,1.5-2万/月,上海-闵行区,民营公司,5-7年经验,5,招1人,五险一金 餐饮补贴 弹性工作 专业培训 定期体检 年终奖金 老板nice 绩效奖金 办公环境好 公司上市期,150-500人
1717,前端开发,Web前端开发,web前端开发工程师,深圳市德科信息技术有限公司,1.5-2万/月,上海-浦东新区,民营公司,2年经验,5,招2人,五险一金 年终奖金 交通补贴 一年两次调薪 季度奖金,1000-5000人
1718,前端开发,Web前端开发,前端开发,上海有大信息科技有限公司,1.3-1.8万/月,上海-浦东新区,民营公司,3-4年经验,6,招1人,五险一金,50-150人
1719,前端开发,Web前端开发,Web前端开发工程师,上海习元信息技术有限公司,1.2-2万/月,上海,民营公司,3-4年经验,5,招2人,,少于50人
1720,前端开发,Web前端开发,前端开发工程师（托管） (MJ000516),深圳市赢时胜信息技术股份有限公司上海分公司,1.6-2.5万/月,上海-浦东新区,上市公司,3-4年经验,6,招2人,五险一金 绩效奖金 员工旅游 年终奖金,1000-5000人
1721,前端开发,Web前端开发,前端开发工程师,上海有大信息科技有限公司,1.3-1.8万/月,上海-黄浦区,民营公司,3-4年经验,6,招1人,五险一金,50-150人
1722,前端开发,Web前端开发,Web开发工程师（vue）,赞同科技股份有限公司,1.2-1.8万/月,上海-浦东新区,民营公司,3-4年经验,6,招若干人,,1000-5000人
1723,前端开发,Web前端开发,前端开发工程师,上海舟恩信息技术有限公司,1.5-2万/月,上海-浦东新区,民营公司,5-7年经验,6,招5人,,150-500人
1724,前端开发,Web前端开发,Web前端开发工程师,赛摩（上海）工业互联网科技有限公司,1.5-2万/月,上海-闵行区,上市公司,3-4年经验,5,招1人,五险一金 员工旅游 年终奖金 弹性工作 定期体检,500-1000人
1725,前端开发,Web前端开发,前端开发工程师,上海全晓信息技术有限公司,1-1.5万/月,上海-徐汇区,民营公司,3-4年经验,5,招若干人,,150-500人
1726,前端开发,Web前端开发,Web前端开发工程师-VUE方向,维音数码（上海）有限公司,1.5-2万/月,上海-浦东新区,外资（欧美）,3-4年经验,6,招若干人,五险一金 员工旅游 专业培训 绩效奖金 年终奖金 股票期权 弹性工作 定期体检,150-500人
1727,前端开发,Web前端开发,前端架构师,上海才历网络有限公司,40-50万/年,上海-徐汇区,合资,5-7年经验,6,招1人,,50-150人
1728,前端开发,Web前端开发,Web前端开发工程师,上海才历网络有限公司,20-30万/年,上海-徐汇区,合资,5-7年经验,6,招若干人,,50-150人
1729,前端开发,Web前端开发,中级前端开发工程师/前端中级开发工程师,上海致宇信息技术有限公司,1.8-2万/月,上海-徐汇区,民营公司,3-4年经验,6,招若干人,五险一金 绩效奖金 年终奖金 定期体检,150-500人
1730,前端开发,Web前端开发,中级前端开发工程师,上海致宇信息技术有限公司,1.8-2万/月,上海-徐汇区,民营公司,3-4年经验,6,招若干人,,150-500人
1731,前端开发,Web前端开发,vue前端开发工程师（08）,上海复深蓝软件股份有限公司,1.4-1.8万/月,上海-徐汇区,上市公司,3-4年经验,6,招1人,五险一金 年终奖金 做五休二 出国机会,1000-5000人
1732,前端开发,Web前端开发,前端中高级工程师（08）,上海复深蓝软件股份有限公司,1.4-2万/月,上海-徐汇区,上市公司,3-4年经验,6,招1人,五险一金 年终奖金 做五休二 出国机会,1000-5000人
1733,前端开发,Web前端开发,Vue前端开发工程师（008）,上海复深蓝软件股份有限公司,1.5-2.2万/月,上海-浦东新区,上市公司,3-4年经验,6,招1人,五险一金 股票期权 出国机会 员工旅游 通讯补贴 专业培训 绩效奖金 年终奖金 弹性工作 定期体检,1000-5000人
1734,前端开发,Web前端开发,前端开发工程师（08）,上海复深蓝软件股份有限公司,1.5-2万/月,上海-浦东新区,上市公司,3-4年经验,6,招1人,五险一金 股票期权 出国机会 员工旅游 通讯补贴 专业培训 绩效奖金 年终奖金 弹性工作 定期体检,1000-5000人
1735,前端开发,Web前端开发,react前端开发工程师（08）,上海复深蓝软件股份有限公司,1.4-2万/月,上海-普陀区,上市公司,3-4年经验,5,招1人,五险一金 股票期权 出国机会 员工旅游 通讯补贴 专业培训 绩效奖金 年终奖金 弹性工作 定期体检,1000-5000人
1736,前端开发,Web前端开发,Web前端开发工程师（08）,上海复深蓝软件股份有限公司,1.5-2万/月,上海-浦东新区,上市公司,3-4年经验,6,招1人,五险一金 股票期权 出国机会 员工旅游 通讯补贴 专业培训 绩效奖金 年终奖金 弹性工作 定期体检,1000-5000人
1737,前端开发,Web前端开发,前端开发工程师（08）,上海复深蓝软件股份有限公司,1.3-2万/月,上海-静安区,上市公司,3-4年经验,5,招1人,五险一金 股票期权 出国机会 员工旅游 通讯补贴 专业培训 绩效奖金 年终奖金 弹性工作 定期体检,1000-5000人
1738,前端开发,Web前端开发,Vue开发工程师（08）,上海复深蓝软件股份有限公司,1.4-2.3万/月,上海-徐汇区,上市公司,2年经验,6,招1人,五险一金 年终奖金 绩效奖金 员工旅游 出国机会,1000-5000人
1739,前端开发,Web前端开发,移动前端主管（08）,上海复深蓝软件股份有限公司,2.5-3万/月,上海-浦东新区,上市公司,5-7年经验,5,招1人,五险一金 年终奖金 绩效奖金 员工旅游 出国机会,1000-5000人
1740,前端开发,Web前端开发,前端主管（08）,上海复深蓝软件股份有限公司,2.3-3万/月,上海-浦东新区,上市公司,5-7年经验,5,招1人,五险一金 年终奖金 做五休二 出国机会,1000-5000人
1741,前端开发,Web前端开发,Web前端开发工程师,上海久雅信息科技有限公司,1-1.5万/月,上海-浦东新区,民营公司,2年经验,6,招若干人,五险一金 绩效奖金 定期体检 员工旅游 专业培训 股票期权,150-500人
1742,前端开发,Web前端开发,前端开发工程师,上海有大信息科技有限公司,1.3-1.7万/月,上海-浦东新区,民营公司,3-4年经验,6,招3人,,50-150人
1743,前端开发,Web前端开发,前端开发,上海有大信息科技有限公司,1-1.5万/月,上海,民营公司,3-4年经验,6,招若干人,,50-150人
1744,前端开发,Web前端开发,Web前端开发工程师,康德曼（北京）互联网技术有限公司,1-1.5万/月,上海-徐汇区,民营公司,3-4年经验,6,招5人,五险一金,150-500人
1745,前端开发,Web前端开发,Web前端开发工程师,上海上业信息科技股份有限公司,1-2万/月,上海-闵行区,民营公司,3-4年经验,5,招6人,五险一金 员工旅游 绩效奖金 年终奖金,150-500人
1746,前端开发,Web前端开发,互联网开发工程师,上海上业信息科技股份有限公司,1-2.2万/月,上海-闵行区,民营公司,3-4年经验,5,招2人,五险一金 绩效奖金 年终奖金 专业培训,150-500人
1747,前端开发,Web前端开发,移动开发工程师,上海上业信息科技股份有限公司,1-2.2万/月,上海-闵行区,民营公司,5-7年经验,5,招2人,五险一金 绩效奖金 年终奖金 专业培训,150-500人
1748,前端开发,Web前端开发,前端开发工程师——新奥直招上海,东方汇创（北京）软件有限公司,1.8-3万/月,上海-浦东新区,民营公司,3-4年经验,6,招若干人,,少于50人
1749,前端开发,Web前端开发,Web前端开发工程师,赞同科技股份有限公司,1-1.5万/月,上海,民营公司,3-4年经验,6,招1人,,1000-5000人
1750,前端开发,Web前端开发,Web前端开发工程师,赞同科技股份有限公司,1-1.5万/月,上海-浦东新区,民营公司,3-4年经验,6,招1人,,1000-5000人
1751,前端开发,Web前端开发,react前端工程师,上海鼎沛信息科技有限公司,1.5-2万/月,上海-浦东新区,民营公司,3-4年经验,5,招2人,,少于50人
1752,前端开发,Web前端开发,前端开发工程师,金证财富南京科技有限公司,1.2-1.8万/月,上海-浦东新区,民营公司,1年经验,6,招若干人,五险一金 通讯补贴 交通补贴 年终奖金 员工旅游 定期体检,500-1000人
1753,前端开发,Web前端开发,微信小程序开发,上海点美投资咨询有限公司,1-1.3万/月,上海,合资,2年经验,5,招1人,五险一金 专业培训 年终奖金 免费班车,150-500人
1754,前端开发,Web前端开发,Web前端开发工程师,上海点美投资咨询有限公司,1.5-2万/月,上海,合资,3-4年经验,6,招2人,五险一金 专业培训 定期体检 年终奖金,150-500人
1755,前端开发,Web前端开发,前端开发工程师,上海懿教信息科技有限公司,1-1.5万/月,上海,民营公司,3-4年经验,6,招1人,五险一金 弹性工作 绩效奖金 定期体检 周末双休 交通补贴 年终奖金 出国旅游,50-150人
1756,前端开发,Web前端开发,Web前端开发工程师（平安智慧城市）,上海舟恩信息技术有限公司,1.2-1.8万/月,上海-黄浦区,民营公司,3-4年经验,5,招1人,五险一金 员工旅游 绩效奖金 商业保险,150-500人
1757,前端开发,Web前端开发,Web前端开发工程师,上海舟恩信息技术有限公司,1-1.6万/月,上海-浦东新区,民营公司,3-4年经验,5,招若干人,,150-500人
1758,前端开发,Web前端开发,WEB技术工程师,上海翊缃智能科技有限公司,1.5-2万/月,上海-长宁区,合资,招若干人,,招若干人,,50-150人
1759,前端开发,Web前端开发,Web前端开发工程师,上海习元信息技术有限公司,1.2-1.8万/月,上海,民营公司,3-4年经验,5,招2人,,少于50人
1760,前端开发,Web前端开发,Web前端开发工程师,苏州弗格信息科技有限公司,1.5-2万/月,上海-虹口区,民营公司,5-7年经验,6,招若干人,五险一金 员工旅游 节假日福利 生日福利 定期体检 带薪年假,50-150人
1761,前端开发,Web前端开发,web前端,苏州弗格信息科技有限公司,1-1.5万/月,上海-闵行区,民营公司,5-7年经验,5,招2人,五险一金 员工旅游 节假日福利 生日福利,50-150人
1762,前端开发,Web前端开发,前端-上海,北京开科唯识技术股份有限公司,1.2-1.7万/月,上海-浦东新区,合资,3-4年经验,5,招2人,五险一金 专业培训 年度2次调薪 带薪年假,1000-5000人
1763,前端开发,Web前端开发,Web前端开发工程师,北京开科唯识技术股份有限公司,1-1.5万/月,上海-浦东新区,合资,3-4年经验,6,招若干人,,1000-5000人
1764,前端开发,Web前端开发,前端开发工程师（创服）,深圳市赢时胜信息技术股份有限公司上海分公司,15-20万/年,上海-浦东新区,上市公司,3-4年经验,6,招4人,做五休二 周末双休 带薪年假 五险一金 绩效奖金 专业培训,1000-5000人
1765,前端开发,Web前端开发,前端开发工程师（理财）,深圳市赢时胜信息技术股份有限公司上海分公司,1-2万/月,上海-浦东新区,上市公司,2年经验,6,招3人,五险一金 绩效奖金 员工旅游 年终奖金,1000-5000人
1766,前端开发,Web前端开发,前端开发工程师（上海）,深圳市赢时胜信息技术股份有限公司上海分公司,0.9-1.6万/月,上海-浦东新区,上市公司,1年经验,6,招5人,五险一金 绩效奖金 员工旅游 加班津贴,1000-5000人
1767,前端开发,Web前端开发,桌面开发工程师,上海蔚建科技有限公司,0.8-2万/月,上海-宝山区,合资,2年经验,6,招2人,五险一金 交通补贴 通讯补贴 定期体检,
1768,前端开发,Web前端开发,Web前端开发工程师,上海永乾科技工程有限公司,1.2-1.8万/月,上海-闵行区,合资,2年经验,6,招1人,五险一金 员工旅游 交通补贴 餐饮补贴 通讯补贴 绩效奖金 定期体检 弹性工作 年终奖金,少于50人
1769,前端开发,Web前端开发,HTML5开发工程师,上海酷量信息技术有限公司,1.2-2万/月,上海-徐汇区,民营公司,2年经验,6,招2人,,150-500人
1770,前端开发,Web前端开发,HTML5开发工程师,上海酷量信息技术有限公司,1-1.5万/月,上海-徐汇区,民营公司,3-4年经验,5,招1人,,150-500人
1771,前端开发,Web前端开发,Web前端开发工程师,北京腾信软创科技股份有限公司,1.2-1.7万/月,上海-闵行区,上市公司,3-4年经验,6,招2人,定期体检 五险一金 员工旅游 交通补贴 餐饮补贴 专业培训,500-1000人
1772,前端开发,Web前端开发,Web前端开发工程师,大连东软思维科技发展有限公司,1.2-1.6万/月,上海,民营公司,2年经验,5,招若干人,,1000-5000人
1773,前端开发,Web前端开发,前端开发（外包）-医药行业,大连东软思维科技发展有限公司,1.8-2.5万/月,上海-浦东新区,民营公司,5-7年经验,6,招7人,五险一金 补充医疗保险 补充公积金 弹性工作 年终奖金 绩效奖金 定期体检 专业培训,1000-5000人
1774,前端开发,Web前端开发,前端开发（外包）-上汽集团,大连东软思维科技发展有限公司,1.5-2万/月,上海-嘉定区,民营公司,5-7年经验,,招2人,五险一金 补充医疗保险 补充公积金 弹性工作 年终奖金 绩效奖金 定期体检 专业培训,1000-5000人
1775,前端开发,Web前端开发,前端开发工程师-外包,大连东软思维科技发展有限公司,1.5-2万/月,上海-浦东新区,民营公司,3-4年经验,6,招1人,五险一金 补充医疗保险 补充公积金 弹性工作 年终奖金 绩效奖金 定期体检 专业培训,1000-5000人
1776,前端开发,Web前端开发,前端开发-国企外包,大连东软思维科技发展有限公司,1.5-2万/月,上海-嘉定区,民营公司,5-7年经验,,招1人,五险一金 补充医疗保险 补充公积金 弹性工作 年终奖金 绩效奖金 定期体检 专业培训,1000-5000人
1777,前端开发,Web前端开发,Web前端开发工程师-WFM产品,维音数码（上海）有限公司,1.5-2万/月,上海-浦东新区,外资（欧美）,5-7年经验,5,招若干人,五险一金 员工旅游 专业培训 绩效奖金 年终奖金 股票期权 弹性工作 定期体检,150-500人
1778,前端开发,Web前端开发,Web前端开发工程师-jQuery方向,维音数码（上海）有限公司,1.5-2万/月,上海-浦东新区,外资（欧美）,3-4年经验,6,招2人,五险一金 员工旅游 专业培训 绩效奖金 年终奖金 股票期权 弹性工作 定期体检,150-500人
1779,前端开发,Web前端开发,React前端开发工程师,上海易路软件有限公司,1.6-2.6万/月,上海-闵行区,民营公司,3-4年经验,5,招1人,大牛带队 准独角兽企业 租房补贴 餐饮补贴 交通补贴 弹性工作 带薪年假 年终奖金 定期体检,150-500人
1780,前端开发,Web前端开发,前端开发工程师（React Native）,上海横申软件咨询有限公司,1.3-1.8万/月,上海-浦东新区,民营公司,1年经验,6,招2人,五险一金 员工旅游 年终奖金 定期体检 专业培训,50-150人
1781,前端开发,Web前端开发,前端开发工程师-上海-00739,萨孚凯信息系统技术（北京）有限公司上海分公司,1-1.5万/月,上海-长宁区,外资（欧美）,5-7年经验,5,招1人,做五休二 周末双休 带薪年假 五险一金 节日福利 专业培训 补充医疗保险,1000-5000人
1782,前端开发,Web前端开发,高级前端开发工程师,萨孚凯信息系统技术（北京）有限公司上海分公司,2.5-3.5万/月,上海-静安区,外资（欧美）,10年以上经验,6,招1人,五险一金 补充医疗保险 专业培训 定期体检 餐饮补贴 年终奖金 出国机会,1000-5000人
1783,前端开发,Web前端开发,前端开发工程师(J11333),上海汉得信息技术股份有限公司,1.1-2.2万/月,上海,上市公司,2年经验,6,招10人,,10000人以上
1784,前端开发,Web前端开发,Web前端开发工程师,上海悦米信息技术有限公司,1.5-2.5万/月,上海-徐汇区,合资,3-4年经验,6,招2人,弹性工作 年底13薪+ 扁平化管理 五险一金 餐饮补贴 绩效奖金 年终奖金 免费零食饮料 周末双休 朝九晚六,50-150人
1785,前端开发,Web前端开发,Web前端开发工程师,上海悦米信息技术有限公司,1.5-2.5万/月,上海-徐汇区,合资,3-4年经验,6,招2人,弹性工作 年底13薪+ 扁平化管理 五险一金 餐饮补贴 绩效奖金 年终奖金 免费零食饮料 周末双休 朝九晚六,50-150人
1786,前端开发,Web前端开发,中高级前端开发,上海华钦信息科技股份有限公司,1.5-2万/月,上海-浦东新区,上市公司,3-4年经验,6,招1人,五险一金 节日福利 弹性工作 带薪年假 补充医疗保险 年终奖金,1000-5000人
1787,前端开发,Web前端开发,App/前端开发工程师,上海华钦信息科技股份有限公司,1.2-2.2万/月,上海-浦东新区,上市公司,3-4年经验,6,招1人,五险一金 节日福利 弹性工作 带薪年假 补充医疗保险 年终奖金,1000-5000人
1788,前端开发,Web前端开发,中高级前端开发工程师,上海华钦信息科技股份有限公司,1-2万/月,上海-杨浦区,上市公司,3-4年经验,6,招5人,五险一金 节日福利 弹性工作 带薪年假 补充医疗保险,1000-5000人
1789,前端开发,Web前端开发,前端开发工程师,上海华钦信息科技股份有限公司,1-1.5万/月,上海-杨浦区,上市公司,3-4年经验,6,招5人,节日福利 周末双休 五险一金 带薪年假 补充医疗保险 年终奖金,1000-5000人
1790,前端开发,Web前端开发,VUE前端开发,深圳市长亮科技股份有限公司,1.2-1.5万/月,上海-浦东新区,上市公司,2年经验,6,招2人,员工旅游 定期体检 股票期权 年终奖金 绩效奖金 弹性工作 五险一金 通讯补贴 专业培训,1000-5000人
1791,前端开发,Web前端开发,前端开发工程师,上海有大信息科技有限公司,1.5-2万/月,上海,民营公司,3-4年经验,6,招2人,五险一金,50-150人
1792,前端开发,Web前端开发,Web前端开发工程师,深圳极联信息技术股份有限公司,1-1.3万/月,上海-徐汇区,民营公司,3-4年经验,5,招5人,五险一金 员工旅游 交通补贴 餐饮补贴 通讯补贴 专业培训 年终奖金 定期体检,500-1000人
1793,前端开发,Web前端开发,webgl三维（Threejs）高级开发工程师,上海臻图信息技术有限公司,1.5-2.2万/月,上海-闵行区,民营公司,5-7年经验,5,招若干人,五险一金 绩效奖金 周末双休 带薪年假 项目奖金 带团队 创业公司 公司重点项目,少于50人
1794,前端开发,Web前端开发,GIS WEB前端开发工程师,上海臻图信息技术有限公司,1.2-1.8万/月,上海-闵行区,民营公司,3-4年经验,5,招2人,五险一金 绩效奖金 年终奖金 员工旅游,少于50人
1795,前端开发,Web前端开发,Web前端开发工程师,上海臻图信息技术有限公司,1.2-1.8万/月,上海-闵行区,民营公司,3-4年经验,5,招2人,五险一金 绩效奖金 年终奖金 员工旅游,少于50人
1796,前端开发,Web前端开发,Web前端开发工程师,上海软信计算机科技有限公司,1-1.5万/月,上海-虹口区,民营公司,3-4年经验,5,招2人,,少于50人
1797,前端开发,Web前端开发,WEB前端工程师,上海屹通信息科技发展有限公司,0.8-1.8万/月,上海,上市公司,1年经验,6,招1人,五险一金 餐饮补贴 专业培训 年终奖金,1000-5000人
1798,前端开发,Web前端开发,Operation Development,上海扶丕悌软件有限公司,,上海-闵行区,外资（非欧美）,3-4年经验,6,招2人,五险一金 出国机会,10000人以上
1799,前端开发,Web前端开发,Web前端开发工程师,安徽酷哇机器人有限公司,1-2万/月,上海-徐汇区,民营公司,无需经验,6,招若干人,五险一金 带薪年假,50-150人
1800,前端开发,Web前端开发,OA开发工程师,上海海鼎信息工程股份有限公司,0.7-1.2万/月,上海-闵行区,民营公司,无需经验,6,招2人,绩效奖金 年终奖金 专业培训 五险一金 补充公积金 餐饮补贴 员工旅游,500-1000人
1801,前端开发,Web前端开发,Web前端开发工程师,上海海鼎信息工程股份有限公司,1.5-2万/月,上海-静安区,民营公司,3-4年经验,6,招若干人,,500-1000人
1802,前端开发,Web前端开发,Web前端开发工程师,Endeavor Streaming China,2-2.5万/月,上海-长宁区,外资（欧美）,3-4年经验,6,招若干人,五险一金 出国机会 员工旅游 定期体检 餐饮补贴 地铁旁边 带薪年假,500-1000人
1803,前端开发,Web前端开发,前端开发工程师,深圳市德科信息技术有限公司,1-2万/月,上海-浦东新区,民营公司,3-4年经验,6,招3人,五险一金 年终奖金 下午茶 节日礼物 生日礼物,1000-5000人
1804,前端开发,Web前端开发,web前端开发工程师,深圳市德科信息技术有限公司,1-1.5万/月,上海-徐汇区,民营公司,2年经验,5,招2人,五险一金 员工旅游 专业培训 弹性工作 年终奖金 绩效奖金,1000-5000人
1805,前端开发,Web前端开发,前端开发工程师,深圳市德科信息技术有限公司,1-1.5万/月,上海-徐汇区,民营公司,3-4年经验,6,招3人,五险一金 员工旅游 专业培训 弹性工作 年终奖金 绩效奖金,1000-5000人
1806,前端开发,Web前端开发,web前端开发工程师,深圳市德科信息技术有限公司,1-1.5万/月,上海-松江区,民营公司,3-4年经验,6,招2人,五险一金 员工旅游 专业培训 弹性工作 年终奖金 绩效奖金,1000-5000人
1807,前端开发,Web前端开发,web前端开发工程师,深圳市德科信息技术有限公司,1.5-2万/月,上海-浦东新区,民营公司,2年经验,5,招2人,五险一金 员工旅游 专业培训 弹性工作 年终奖金 绩效奖金,1000-5000人
1808,前端开发,Web前端开发,前端/H5开发工程师,深圳市德科信息技术有限公司,1-1.5万/月,上海-浦东新区,民营公司,2年经验,5,招5人,五险一金 弹性工作 年终奖金 绩效奖金 每年两次调薪,1000-5000人
1809,前端开发,Web前端开发,web前端开发工程师,深圳市德科信息技术有限公司,1-1.5万/月,上海-浦东新区,民营公司,2年经验,5,招2人,五险一金 员工旅游 专业培训 弹性工作 年终奖金 绩效奖金,1000-5000人
1810,前端开发,Web前端开发,web前端开发工程师,深圳市德科信息技术有限公司,1-1.5万/月,上海-浦东新区,民营公司,3-4年经验,5,招2人,五险一金 员工旅游 专业培训 年终奖金 绩效奖金 补充医疗保险,1000-5000人
1811,前端开发,Web前端开发,前端开发工程师,深圳市德科信息技术有限公司,1-1.5万/月,上海-浦东新区,民营公司,3-4年经验,5,招5人,五险一金 员工旅游 专业培训 弹性工作 年终奖金 绩效奖金,1000-5000人
1812,前端开发,Web前端开发,web前端开发工程师(六险一金),深圳市德科信息技术有限公司,1.5-2万/月,上海-浦东新区,民营公司,2年经验,5,招2人,五险一金 员工旅游 专业培训 弹性工作 年终奖金 绩效奖金,1000-5000人
1813,前端开发,Web前端开发,web前端开发工程师,深圳市德科信息技术有限公司,1.5-2万/月,上海-浦东新区,民营公司,3-4年经验,6,招2人,五险一金 员工旅游 专业培训 弹性工作 年终奖金 绩效奖金,1000-5000人
1814,前端开发,Web前端开发,web前端开发工程师,深圳市德科信息技术有限公司,1.5-2万/月,上海-浦东新区,民营公司,2年经验,6,招3人,五险一金 员工旅游 专业培训 弹性工作 年终奖金 绩效奖金,1000-5000人
1815,前端开发,Web前端开发,web前端开发工程师,深圳市德科信息技术有限公司,1-1.5万/月,上海-徐汇区,民营公司,3-4年经验,6,招2人,五险一金 员工旅游 年终奖金,1000-5000人
1816,前端开发,Web前端开发,web前端开发工程师,深圳市德科信息技术有限公司,1-1.5万/月,上海-浦东新区,民营公司,3-4年经验,5,招2人,员工旅游 专业培训 弹性工作 年终奖金 绩效奖金 六险一金,1000-5000人
1817,前端开发,Web前端开发,web前端开发工程师,深圳市德科信息技术有限公司,1.5-2万/月,上海-浦东新区,民营公司,2年经验,5,招2人,员工旅游 专业培训 弹性工作 年终奖金 绩效奖金 六险一金,1000-5000人
1818,前端开发,Web前端开发,web前端开发工程师,深圳市德科信息技术有限公司,1.5-2万/月,上海-浦东新区,民营公司,2年经验,5,招2人,员工旅游 专业培训 弹性工作 年终奖金 绩效奖金 六险一金,1000-5000人
1819,前端开发,Web前端开发,web前端开发工程师,深圳市德科信息技术有限公司,1.1-1.5万/月,上海-浦东新区,民营公司,3-4年经验,6,招2人,五险一金 员工旅游 专业培训 弹性工作 年终奖金 绩效奖金,1000-5000人
1820,前端开发,Web前端开发,web前端,深圳市德科信息技术有限公司,1.5-2万/月,上海-浦东新区,民营公司,2年经验,5,招2人,五险一金 员工旅游 专业培训 弹性工作 年终奖金 绩效奖金,1000-5000人
1821,前端开发,Web前端开发,web前端开发工程师,深圳市德科信息技术有限公司,1.5-2万/月,上海-浦东新区,民营公司,2年经验,5,招2人,五险一金 员工旅游 专业培训 年终奖金 绩效奖金 补充医疗保险,1000-5000人
1822,前端开发,Web前端开发,前端开发工程师,深圳市德科信息技术有限公司,1.2-1.5万/月,上海-徐汇区,民营公司,3-4年经验,6,招3人,专业培训 弹性工作 五险一金 补充医疗保险 补充公积金 员工旅游 年终奖金,1000-5000人
1823,前端开发,Web前端开发,web前端开发工程师,深圳市德科信息技术有限公司,1.5-2万/月,上海-浦东新区,民营公司,2年经验,5,招2人,五险一金 员工旅游 专业培训 弹性工作 年终奖金 绩效奖金,1000-5000人
1824,前端开发,Web前端开发,web前端开发工程师,深圳市德科信息技术有限公司,1.5-2万/月,上海-青浦区,民营公司,2年经验,5,招2人,五险一金 员工旅游 专业培训 年终奖金 绩效奖金 补充医疗保险,1000-5000人
1825,前端开发,Web前端开发,web前端开发工程师,深圳市德科信息技术有限公司,1.5-2万/月,上海-青浦区,民营公司,2年经验,5,招2人,五险一金 员工旅游 专业培训 年终奖金 绩效奖金 补充医疗保险,1000-5000人
1826,前端开发,Web前端开发,web前端开发工程师,深圳市德科信息技术有限公司,1.5-2万/月,上海-徐汇区,民营公司,2年经验,5,招2人,五险一金 员工旅游 专业培训 弹性工作 年终奖金 绩效奖金,1000-5000人
1827,前端开发,Web前端开发,web前端开发工程师,深圳市德科信息技术有限公司,1.5-2万/月,上海-徐汇区,民营公司,3-4年经验,6,招10人,五险一金 员工旅游 专业培训 弹性工作 年终奖金 绩效奖金,1000-5000人
1828,前端开发,Web前端开发,Web前端开发工程师,深圳市德科信息技术有限公司,1-1.5万/月,上海-徐汇区,民营公司,3-4年经验,6,招若干人,五险一金 员工旅游 专业培训 弹性工作 年终奖金 绩效奖金,1000-5000人
1829,前端开发,Web前端开发,web前端开发工程师,深圳市德科信息技术有限公司,1-1.5万/月,上海-徐汇区,民营公司,3-4年经验,6,招2人,五险一金 员工旅游 专业培训 弹性工作 年终奖金 绩效奖金,1000-5000人
1830,前端开发,Web前端开发,web前端开发工程师,深圳市德科信息技术有限公司,1-1.5万/月,上海-徐汇区,民营公司,3-4年经验,5,招3人,五险一金 员工旅游 专业培训 弹性工作 年终奖金 绩效奖金,1000-5000人
1831,前端开发,Web前端开发,web前端开发工程师,深圳市德科信息技术有限公司,1-1.5万/月,上海-徐汇区,民营公司,3-4年经验,5,招2人,五险一金 员工旅游 专业培训 弹性工作 年终奖金 绩效奖金,1000-5000人
1832,前端开发,Web前端开发,H5开发工程师周末双休,深圳市德科信息技术有限公司,1.1-1.5万/月,上海-浦东新区,民营公司,2年经验,6,招2人,五险一金 员工旅游 专业培训 弹性工作 年终奖金 绩效奖金,1000-5000人
1833,前端开发,Web前端开发,H5开发工程师,深圳市德科信息技术有限公司,1.1-1.5万/月,上海-浦东新区,民营公司,2年经验,6,招2人,五险一金 员工旅游 专业培训 弹性工作 年终奖金 绩效奖金,1000-5000人
1834,前端开发,Web前端开发,web前端开发工程师周末双休,深圳市德科信息技术有限公司,1.1-1.5万/月,上海-浦东新区,民营公司,2年经验,6,招2人,五险一金 员工旅游 专业培训 弹性工作 年终奖金 绩效奖金,1000-5000人
1835,前端开发,Web前端开发,web前端开发工程师,深圳市德科信息技术有限公司,1.1-1.5万/月,上海-浦东新区,民营公司,2年经验,6,招2人,五险一金 员工旅游 专业培训 弹性工作 年终奖金 绩效奖金,1000-5000人
1836,前端开发,Web前端开发,前端开发工程师,深圳市德科信息技术有限公司,1.2-1.6万/月,上海-徐汇区,民营公司,3-4年经验,6,招1人,五险一金 年终奖金 专业培训 弹性工作 周末双休,1000-5000人
1837,前端开发,Web前端开发,web前端开发工程师,深圳市德科信息技术有限公司,1.5-2万/月,上海-徐汇区,民营公司,2年经验,6,招2人,五险一金 员工旅游 专业培训 弹性工作 年终奖金 绩效奖金,1000-5000人
1838,前端开发,Web前端开发,web前端开发工程师,深圳市德科信息技术有限公司,1.5-2万/月,上海-浦东新区,民营公司,2年经验,5,招2人,五险一金 员工旅游 专业培训 弹性工作 年终奖金 绩效奖金,1000-5000人
1839,前端开发,Web前端开发,高级前端开发工程师,深圳市德科信息技术有限公司,1.2-1.8万/月,上海-浦东新区,民营公司,5-7年经验,6,招1人,员工旅游 专业培训 弹性工作 年终奖金 绩效奖金 五险一金,1000-5000人
1840,前端开发,Web前端开发,Web前端开发工程师,深圳市德科信息技术有限公司,1-1.6万/月,上海-徐汇区,民营公司,3-4年经验,6,招1人,员工旅游 专业培训 弹性工作 年终奖金 绩效奖金 五险一金,1000-5000人
1841,前端开发,Web前端开发,web前端开发工程师,深圳市德科信息技术有限公司,1.5-2万/月,上海-青浦区,民营公司,3-4年经验,5,招10人,五险一金 员工旅游 专业培训 年终奖金 绩效奖金 补充医疗保险,1000-5000人
1842,前端开发,Web前端开发,web前端开发工程师,深圳市德科信息技术有限公司,1.5-2万/月,上海-青浦区,民营公司,2年经验,6,招2人,五险一金 员工旅游 专业培训 弹性工作 年终奖金 绩效奖金,1000-5000人
1843,前端开发,Web前端开发,web前端开发工程师,深圳市德科信息技术有限公司,1.5-2万/月,上海-青浦区,民营公司,2年经验,6,招2人,五险一金 员工旅游 专业培训 弹性工作 年终奖金 绩效奖金,1000-5000人
1844,前端开发,Web前端开发,web前端开发工程师,深圳市德科信息技术有限公司,1-1.5万/月,上海-徐汇区,民营公司,3-4年经验,5,招2人,五险一金 员工旅游 专业培训 弹性工作 年终奖金 绩效奖金,1000-5000人
1845,前端开发,Web前端开发,web前端开发工程师,深圳市德科信息技术有限公司,1.5-2万/月,上海-浦东新区,民营公司,2年经验,5,招2人,五险一金 员工旅游 专业培训 弹性工作 年终奖金 绩效奖金,1000-5000人
1846,前端开发,Web前端开发,web前端,深圳市德科信息技术有限公司,1.5-2万/月,上海-浦东新区,民营公司,3-4年经验,6,招1人,五险一金 员工旅游 专业培训 弹性工作 年终奖金 绩效奖金,1000-5000人
1847,前端开发,Web前端开发,Web前端开发工程师,深圳市德科信息技术有限公司,1.3-1.8万/月,上海-徐汇区,民营公司,3-4年经验,5,招1人,五险一金 员工旅游 专业培训 弹性工作 年终奖金 绩效奖金,1000-5000人
1848,前端开发,Web前端开发,web前端开发工程师,深圳市德科信息技术有限公司,1.5-2.5万/月,上海-浦东新区,民营公司,3-4年经验,6,招2人,五险一金 员工旅游 专业培训 弹性工作 年终奖金 绩效奖金,1000-5000人
1849,前端开发,Web前端开发,Web前端开发工程师,深圳市德科信息技术有限公司,1.5-2万/月,上海-浦东新区,民营公司,5-7年经验,6,招1人,五险一金 员工旅游 专业培训 弹性工作 年终奖金 绩效奖金,1000-5000人
1850,前端开发,Web前端开发,web前端开发工程师,深圳市德科信息技术有限公司,1.5-2万/月,上海-青浦区,民营公司,1年经验,6,招2人,年终奖金 员工旅游 生日福利 节假日福利 六险一金,1000-5000人
1851,前端开发,Web前端开发,前端开发工程师,深圳市德科信息技术有限公司,1.5-2万/月,上海-徐汇区,民营公司,3-4年经验,6,招若干人,年终奖金 员工旅游 生日福利 节假日福利 六险一金,1000-5000人
1852,前端开发,Web前端开发,web前端开发工程师,深圳市德科信息技术有限公司,1.5-2万/月,上海-徐汇区,民营公司,2年经验,5,招2人,年终奖金 员工旅游 生日福利 节假日福利 六险一金,1000-5000人
1853,前端开发,Web前端开发,web前端开发工程师,深圳市德科信息技术有限公司,1.5-2万/月,上海-徐汇区,民营公司,2年经验,5,招2人,五险一金 弹性工作 年终奖金 节日福利 带薪年假,1000-5000人
1854,前端开发,Web前端开发,Web前端开发工程师,深圳市德科信息技术有限公司,1-1.5万/月,上海-青浦区,民营公司,1年经验,6,招1人,五险一金 弹性工作 年终奖金 节日福利 带薪年假,1000-5000人
1855,前端开发,Web前端开发,前端开发工程师,深圳市德科信息技术有限公司,1-1.5万/月,上海-青浦区,民营公司,1年经验,6,招1人,五险一金 员工旅游 专业培训 弹性工作 年终奖金 绩效奖金,1000-5000人
1856,前端开发,Web前端开发,Web前端开发工程师,东方汇创（北京）软件有限公司,1.3-2.5万/月,上海-松江区,民营公司,3-4年经验,6,招2人,,少于50人
1857,前端开发,Web前端开发,Web前端开发工程师,上海金仕达成括信息科技有限公司,1-1.5万/月,上海-浦东新区,民营公司,1年经验,6,招1人,,1000-5000人
1858,前端开发,Web前端开发,前端三维开发工程师,上海漕河泾新兴技术开发区科技创业中心有限公司,1.2-1.8万/月,上海-徐汇区,民营公司,2年经验,5,招2人,五险一金 节日福利 员工旅游 年终奖金 生日礼物,少于50人
1859,前端开发,Web前端开发,Web前端开发工程师,上海华钦信息科技股份有限公司,1.5-2万/月,上海-浦东新区,上市公司,5-7年经验,6,招若干人,五险一金 补充医疗保险 年终奖金 专业培训 定期体检 弹性工作,1000-5000人
1860,前端开发,Web前端开发,中高级前端开发工程师,上海华钦信息科技股份有限公司,1-1.5万/月,上海-浦东新区,上市公司,3-4年经验,5,招20人,,1000-5000人
1861,前端开发,Web前端开发,Web前端开发工程师,上海华钦信息科技股份有限公司,1.3-1.8万/月,上海-浦东新区,上市公司,3-4年经验,5,招3人,,1000-5000人
1862,前端开发,Web前端开发,web前端开发工程师(网页),上海中兆信息技术有限公司,8-10万/年,上海-长宁区,国企,2年经验,5,招若干人,五险一金 绩效奖金 年终奖金 定期体检,50-150人
1863,前端开发,Web前端开发,Web前端开发工程师,上海古猿科技有限公司,1-1.5万/月,上海-嘉定区,创业公司,5-7年经验,5,招3人,,少于50人
1864,前端开发,Web前端开发,高级前端开发工程师,赞同科技股份有限公司,2-2.5万/月,上海-杨浦区,民营公司,5-7年经验,6,招1人,五险一金 补充公积金 餐饮补贴 专业培训 定期体检,1000-5000人
1865,前端开发,Web前端开发,Web前端开发工程师,赞同科技股份有限公司,1-1.5万/月,上海-静安区,民营公司,2年经验,6,招2人,五险一金 补充公积金 餐饮补贴 专业培训 定期体检,1000-5000人
1866,前端开发,Web前端开发,前端开发工程师,赞同科技股份有限公司,1.2-1.8万/月,上海-浦东新区,民营公司,2年经验,6,招若干人,五险一金 补充公积金 餐饮补贴 专业培训 定期体检,1000-5000人
1867,前端开发,Web前端开发,中高级前端开发-上海-05694,博彦科技股份有限公司,1.5-1.9万/月,上海,外资（欧美）,3-4年经验,6,招7人,,10000人以上
1868,前端开发,Web前端开发,前端开发（数据可视化方向）,上海亿通国际股份有限公司,1.5-2.2万/月,上海,国企,3-4年经验,6,招1人,五险一金 补充医疗保险 交通补贴 餐饮补贴 通讯补贴 专业培训 年终奖金 绩效奖金 定期体检,150-500人
1869,前端开发,Web前端开发,web前端页面开发,上海蜜度信息技术有限公司,0.8-1万/月,上海,民营公司,招若干人,,招若干人,五险一金 补充医疗保险 餐饮补贴 通讯补贴 年终奖金 绩效奖金,500-1000人
1870,前端开发,Web前端开发,Web前端开发工程师,上海蜜度信息技术有限公司,1-1.3万/月,上海,民营公司,3-4年经验,,招1人,五险一金 补充医疗保险 餐饮补贴 通讯补贴 员工旅游 交通补贴 年终奖金 股票期权 绩效奖金 出国机会,500-1000人
1871,前端开发,Web前端开发,高级前端开发工程师,上海蜜度信息技术有限公司,0.8-1.8万/月,上海,民营公司,3-4年经验,6,招若干人,五险一金 补充医疗保险 餐饮补贴 通讯补贴 年终奖金 绩效奖金,500-1000人
1872,前端开发,Web前端开发,Web开发工程师,上海丛数智能科技有限公司,1-1.5万/月,上海-青浦区,民营公司,1年经验,6,招2人,,
1873,前端开发,Web前端开发,web,上海丛数智能科技有限公司,1-1.5万/月,上海-青浦区,民营公司,2年经验,6,招20人,,
1874,前端开发,Web前端开发,Web开发工程师,上海丛数智能科技有限公司,1.4-2.5万/月,上海-青浦区,民营公司,2年经验,6,招2人,,
1875,前端开发,Web前端开发,Web前端开发工程师,广州碧软信息科技有限公司,1.5-2万/月,上海,合资,3-4年经验,5,招3人,五险一金,500-1000人
1876,前端开发,Web前端开发,web,广州碧软信息科技有限公司,1.3-2.6万/月,上海,合资,3-4年经验,5,招若干人,五险一金 补充医疗保险 员工旅游 绩效奖金 年终奖金 定期体检,500-1000人
1877,前端开发,Web前端开发,Web前端开发工程师,广州碧软信息科技有限公司,1.2-2万/月,上海,合资,3-4年经验,5,招3人,五险一金 补充医疗保险 员工旅游 绩效奖金 年终奖金 定期体检,500-1000人
1878,前端开发,Web前端开发,Web前端开发工程师,上海鲁班软件股份有限公司,1.5-3万/月,上海-杨浦区,民营公司,2年经验,5,招10人,五险一金 专业培训 绩效奖金 股票期权 年终奖金 定期体检,500-1000人
1879,前端开发,Web前端开发,Web前端（React）开发工程师,秦皇岛环颖科技有限公司,1.5-2万/月,上海-闵行区,民营公司,2年经验,6,招5人,,
1880,前端开发,Web前端开发,Web前端开发工程师,赞同科技股份有限公司,1.2-2万/月,上海-浦东新区,民营公司,2年经验,6,招2人,五险一金 定期体检 餐补 通讯补助 带薪年假 年终奖金,1000-5000人
1881,前端开发,Web前端开发,web前端开发,北京腾信软创科技股份有限公司,1-1.5万/月,上海-浦东新区,上市公司,3-4年经验,5,招1人,,500-1000人
1882,前端开发,Web前端开发,Web前端开发工程师,上海华钦信息科技股份有限公司,1.5-2万/月,上海-浦东新区,上市公司,5-7年经验,5,招1人,,1000-5000人
1883,前端开发,Web前端开发,Web开发工程师,上海华钦信息科技股份有限公司,1.5-2万/月,上海-嘉定区,上市公司,3-4年经验,5,招3人,,1000-5000人
1884,前端开发,Web前端开发,uni-app与vue前端工程师,上海页溪网络科技有限公司,1-1.5万/月,上海-宝山区,民营公司,3-4年经验,,招2人,,少于50人
1885,前端开发,Web前端开发,前端开发工程师,上海数禧信息科技服务有限公司,0.7-1.2万/月,上海-徐汇区,民营公司,1年经验,5,招若干人,五险一金 专业培训 年终奖金 绩效奖金 员工旅游,50-150人
1886,前端开发,Web前端开发,WebGL开发工程师,上海漕河泾新兴技术开发区科技创业中心有限公司,1.2-1.8万/月,上海-徐汇区,民营公司,2年经验,5,招1人,五险一金 节日福利 员工旅游 年终奖金,少于50人
1887,前端开发,Web前端开发,Web前端开发工程师,上海银壳信息科技有限公司,1.5-2万/月,上海,创业公司,3-4年经验,,招1人,,50-150人
1888,前端开发,Web前端开发,前端工程师,上海鲁班软件股份有限公司,1.5-2.5万/月,上海-杨浦区,民营公司,2年经验,6,招若干人,,500-1000人
1889,前端开发,Web前端开发,react前端开发工程师,上海鲁班软件股份有限公司,1.2-2.2万/月,上海-杨浦区,民营公司,2年经验,6,招若干人,五险一金 专业培训,500-1000人
1890,前端开发,Web前端开发,react前端开发工程师,福建顶点软件股份有限公司,0.9-1.8万/月,上海-静安区,民营公司,1年经验,6,招2人,六险一金 上市公司 节日礼物 年度旅游 定期体检 餐补,500-1000人
1891,前端开发,Web前端开发,前端开发工程师 （大数据产品）,优刻得科技股份有限公司,2-4万/月,上海,民营公司,5-7年经验,6,招3人,五险一金 补充医疗保险 员工旅游 专业培训 绩效奖金 年终奖金 弹性工作 定期体检,1000-5000人
1892,前端开发,Web前端开发,Web前端开发工程师,上海翰萨智能科技有限公司,1.5-2万/月,上海-浦东新区,民营公司,3-4年经验,6,招1人,,50-150人
1893,前端开发,Web前端开发,前端开发,浙江优创信息技术有限公司,1-1.3万/月,上海-浦东新区,民营公司,3-4年经验,6,招3人,年终奖金 绩效奖金 专业培训 五险一金 周末双休,500-1000人
1894,前端开发,Web前端开发,前端开发工程师 中级,浙江优创信息技术有限公司,1.1-1.6万/月,上海-浦东新区,民营公司,3-4年经验,6,招1人,专业培训 员工旅游 五险一金 弹性工作 年终奖金 绩效奖金,500-1000人
1895,前端开发,Web前端开发,前端开发工程师,上海银壳信息科技有限公司,1-1.5万/月,上海-浦东新区,创业公司,3-4年经验,,招3人,,50-150人
1896,前端开发,Web前端开发,vue前端开发工程师,上海银壳信息科技有限公司,1-1.5万/月,上海-浦东新区,创业公司,3-4年经验,,招若干人,,50-150人
1897,前端开发,Web前端开发,前端研发工程师(J11202),上海汉得信息技术股份有限公司,1.5-2万/月,上海-青浦区,上市公司,2年经验,6,招8人,,10000人以上
1898,前端开发,Web前端开发,高级前端工程师(J10988),上海汉得信息技术股份有限公司,1.5-2万/月,上海,上市公司,3-4年经验,6,招1人,五险一金 补充医疗保险 补充公积金 定期体检,10000人以上
1899,前端开发,Web前端开发,智慧零售技术顾问-WEB前端(J11378),上海汉得信息技术股份有限公司,1-1.5万/月,上海,上市公司,3-4年经验,6,招10人,,10000人以上
1900,前端开发,Web前端开发,Web前端开发工程师[React](J10991),上海汉得信息技术股份有限公司,1.2-2.2万/月,上海,上市公司,3-4年经验,6,招15人,五险一金 补充医疗保险 员工旅游 补充公积金 专业培训 年终奖金 弹性工作 定期体检,10000人以上
1901,前端开发,Web前端开发,高级Web前端开发工程师(上海急招),新疆子畅软件有限公司,2.5-3万/月,上海-普陀区,民营公司,5-7年经验,5,招1人,五险一金 补充医疗保险 补充公积金 绩效奖金 年终奖金 定期体检 专业培训,少于50人
1902,前端开发,Web前端开发,高级前端开发工程师,新疆子畅软件有限公司,2.5-3万/月,上海-普陀区,民营公司,5-7年经验,5,招1人,五险一金 补充医疗保险 补充公积金 绩效奖金 年终奖金 定期体检 专业培训,少于50人
1903,前端开发,Web前端开发,Web前端,上海倍增智能科技有限公司,1.5-2万/月,上海-宝山区,民营公司,3-4年经验,5,招若干人,包吃 全勤奖 节日福利 绩效奖金 带薪年假 五险一金 年终奖金 包住宿,500-1000人
1904,前端开发,Web前端开发,（外包）前端开发工程师,竹间智能科技（上海）有限公司,1-1.8万/月,上海,外资（欧美）,3-4年经验,5,招若干人,,150-500人
1905,前端开发,Web前端开发,Web前端开发工程师,上海汉得信息技术股份有限公司,1-2万/月,上海-青浦区,上市公司,3-4年经验,6,招8人,五险一金 补充公积金 员工旅游 餐饮补贴 绩效奖金 年终奖金 补充医疗保险 定期体检,10000人以上
1906,前端开发,Web前端开发,前端技术顾问(J11141),上海汉得信息技术股份有限公司,1-1.5万/月,异地招聘,上市公司,1年经验,5,招5人,,10000人以上
1907,前端开发,Web前端开发,1131C9-运维开发工程师（上海）,平安科技（深圳）有限公司,20-30万/年,上海-浦东新区,民营公司,3-4年经验,6,招2人,五险一金 绩效奖金 带薪年假 定期体检,1000-5000人
1908,前端开发,Web前端开发,测试开发工程师(前端) B站F,上海古猿科技有限公司,1-1.6万/月,上海-杨浦区,创业公司,1年经验,5,招1人,五险一金 节假日福利 补充医疗保险 免费体检,少于50人
1909,前端开发,Web前端开发,产品开发经理,上海闪闪信息科技有限公司,1.5-2万/月,上海-闵行区,民营公司,3-4年经验,6,招1人,,50-150人
1910,前端开发,Web前端开发,实施工程师,深圳市赢时胜信息技术股份有限公司上海分公司,0.6-1.1万/月,上海-浦东新区,上市公司,2年经验,6,招若干人,做五休二 周末双休 带薪年假 五险一金 绩效奖金 年终奖金,1000-5000人
1911,前端开发,Web前端开发,测试开发工程师,深圳市德科信息技术有限公司,0.8-1万/月,上海-青浦区,民营公司,2年经验,6,招3人,五险一金 员工旅游 专业培训 年终奖金 绩效奖金 补充医疗保险,1000-5000人
1912,前端开发,Web前端开发,[实习生] 软件工程师,盾钰（上海）互联网科技有限公司,150元/天,上海-浦东新区,民营公司,在校生/应届生,5,招3人,员工旅游 专业培训 节日福利 餐饮补贴,50-150人
1913,前端开发,Web前端开发,Web前端开发工程师（校招）,上海亘岩网络科技有限公司,0.8-1.2万/月,上海-闵行区,创业公司,在校生/应届生,6,招5人,五险一金 免费班车 员工旅游 绩效奖金 年终奖金 定期体检 包三餐,150-500人
1914,前端开发,Web前端开发,Web前端开发工程师,上海五福通信技术有限公司,6-8千/月,上海-闵行区,民营公司,在校生/应届生,6,招若干人,,50-150人
1915,前端开发,Web前端开发,Mac 开发工程师 — EESH,字节跳动,2.5-5万/月,上海,民营公司,在校生/应届生,6,招5人,六险一金 股票期权 弹性工作 免费三餐 租房补贴 带薪休假 下午茶 扁平管理 健身瑜伽 用户过亿,10000人以上
1916,前端开发,Web前端开发,Web前端开发工程师（2021届）,建研科技股份有限公司,1.2-1.8万/月,上海-黄浦区,国企,在校生/应届生,6,招2人,周末双休 带薪年假 五险一金 专业培训 节日福利 高温补贴 餐饮补贴 绩效奖金,1000-5000人
1917,前端开发,Web前端开发,前端开发工程师,上海占域实业有限公司,6-8千/月,上海,合资,在校生/应届生,5,招若干人,五险一金 员工旅游 绩效奖金 年终奖金 定期体检,150-500人
1918,前端开发,Web前端开发,WEB前端开发实习生,上海数全软件有限公司,200元/天,上海-浦东新区,民营公司,在校生/应届生,6,招2人,,少于50人
1919,前端开发,Web前端开发,前端开发工程师（2021届校招）,上海亘岩网络科技有限公司,0.8-1万/月,上海-闵行区,创业公司,在校生/应届生,6,招10人,五险一金 弹性工作 定期体检 精美三餐 免费班车 出国机会 通讯补贴,150-500人
1920,前端开发,Web前端开发,前端开发工程师,上海亘岩网络科技有限公司,0.8-1.2万/月,上海-闵行区,创业公司,在校生/应届生,6,招5人,五险一金 弹性工作 定期体检 精美三餐,150-500人
1921,前端开发,Web前端开发,React Developer & Project Assistant (Internship),探谋网络科技（上海）有限公司,140元/天,异地招聘,外资（欧美）,在校生/应届生,6,招1人,五险一金 员工旅游 绩效奖金 年终奖金 国际团队,少于50人
1922,前端开发,Web前端开发,前端开发工程师,上海图趣信息科技有限公司（Wayz.ai）,1.5-3万/月,上海-浦东新区,民营公司,在校生/应届生,6,招若干人,五险一金 弹性工作 股票期权 年终奖金,150-500人
1923,前端开发,Web前端开发,Web前端开发工程师,南京思后行信息技术有限公司,4-8千/月,异地招聘,民营公司,在校生/应届生,5,招若干人,,少于50人
1924,前端开发,Web前端开发,web前端开发实习生,泰瑞数创科技（北京）有限公司,160元/天,上海-青浦区,民营公司,在校生/应届生,7,招1人,五险一金 专业培训 绩效奖金 年终奖金 弹性工作 定期体检,150-500人
1925,前端开发,Web前端开发,研发实习生,上海傲义电子科技有限公司,180元/天,上海-青浦区,民营公司,在校生/应届生,5,招1人,,50-150人
1926,前端开发,Web前端开发,Web前端开发工程师,上海兀忧网络科技有限公司,1-1.5万/月,上海,民营公司,在校生/应届生,6,招5人,,50-150人
1927,前端开发,Web前端开发,前端工程师（上海）,招银云创信息技术有限公司,0.8-1.5万/月,上海-浦东新区,民营公司,在校生/应届生,6,招2人,,500-1000人
1928,前端开发,Web前端开发,Web前端开发工程师(Angular),纬创资通（上海）有限公司,6-8千/月,上海,外资（非欧美）,在校生/应届生,6,招2人,五险一金,50-150人
1929,前端开发,Web前端开发,软件开发（应届生）,上海云丹网络科技有限公司,6-8千/月,上海-徐汇区,民营公司,在校生/应届生,6,招3人,,少于50人
1930,前端开发,Web前端开发,WEB前端开发实习生,上海云丹网络科技有限公司,150元/天,上海-徐汇区,民营公司,在校生/应届生,6,招若干人,,少于50人
1931,前端开发,Web前端开发,Web前端开发实习生,上海振旗网络科技有限公司,4-6千/月,上海,民营公司,在校生/应届生,5,招若干人,五险一金 员工旅游 餐饮补贴 年终奖金,50-150人
1932,前端开发,Web前端开发,前端开发工程师,赛瓦软件(上海)有限公司,0.8-1.5万/月,上海-徐汇区,民营公司,在校生/应届生,6,招若干人,五险一金 通讯补贴 年终奖金 弹性工作 交通补贴 餐饮补贴 定期体检 股票期权 专业培训 商业保险,50-150人
1933,前端开发,Web前端开发,网页开发/软件开发,上海环安软件有限公司,0.8-1.3万/月,上海-浦东新区,外资（欧美）,在校生/应届生,6,招1人,五险一金 补充医疗保险 补充公积金 弹性工作 定期体检 带薪年假 交通补贴 餐饮补贴 员工旅游 绩效奖金,150-500人
1934,前端开发,Web前端开发,WebGL开发工程师,云从科技,2-3万/月,上海,民营公司,在校生/应届生,6,招1人,,1000-5000人
1935,前端开发,Web前端开发,前端工程师(J10263),深圳华锐金融技术股份有限公司,0.8-1.6万/月,上海,民营公司,在校生/应届生,6,招若干人,,500-1000人
1936,前端开发,Web前端开发,前端工程师（应届生）,上海鲁班软件股份有限公司,0.8-1万/月,上海-杨浦区,民营公司,在校生/应届生,6,招若干人,五险一金 专业培训 绩效奖金 股票期权 年终奖金 定期体检,500-1000人
1937,前端开发,Web前端开发,前端开发工程师,从奥软件（上海）有限公司,5-7千/月,上海-闵行区,民营公司,在校生/应届生,5,招5人,五险一金 专业培训 弹性工作 年终奖金 绩效奖金,少于50人
1938,前端开发,Web前端开发,web前端开发工程师（实习生）,上海数禧信息科技服务有限公司,150元/天,上海-徐汇区,民营公司,在校生/应届生,6,招若干人,餐饮补贴 弹性工作 专业培训 五险一金 年终奖金 员工旅游,50-150人
1939,前端开发,Web前端开发,前端研发工程师（校招）,优刻得科技股份有限公司,1.2-2万/月,上海,民营公司,在校生/应届生,6,招若干人,五险一金 补充医疗保险 员工旅游 专业培训 绩效奖金 年终奖金 弹性工作 定期体检,1000-5000人
1940,前端开发,Web前端开发,软件UI工程师,昆山双宇新信息科技有限公司,6-8千/月,上海,民营公司,在校生/应届生,5,招2人,五险一金 年终奖金 绩效奖金 员工旅游 餐饮补贴 出国机会,少于50人
1941,前端开发,Web前端开发,web前端开发高级工程师,上海井星信息科技有限公司,2-3千/月,上海,民营公司,2年经验,6,招5人,周末双休 五险一金 带薪年假 节日福利,50-150人
1942,前端开发,Web前端开发,前端开发工城市,登攀（上海）信息系统有限公司,1.5-2千/月,上海,外资（非欧美）,3-4年经验,,招20人,,少于50人
1943,前端开发,Web前端开发,前端开发工程师(实习生),上海易路软件有限公司,2-4千/月,上海-闵行区,民营公司,无需经验,6,招2人,大牛带队 准独角兽企业 租房补贴 餐饮补贴 交通补贴 弹性工作 带薪年假 年终奖金 定期体检,150-500人
1944,前端开发,Web前端开发,Web/H5前端开发工程师,上海高重信息科技有限公司,2-3万/年,异地招聘,民营公司,3-4年经验,6,招若干人,五险一金 员工旅游 年终奖金 定期体检,150-500人
1945,前端开发,Web前端开发,vue前端开发工程师,上海红岭科技有限公司,4-6千/月,上海-闵行区,民营公司,1年经验,5,招2人,,少于50人
1946,前端开发,Web前端开发,Java开发工程师,苏州弗格信息科技有限公司,1.5千以下/月,上海-徐汇区,民营公司,3-4年经验,5,招2人,五险一金 员工旅游 节假日福利 生日福利,50-150人
1947,前端开发,Web前端开发,Web开发工程师,软通动力信息技术（集团）股份有限公司,1-2万/月,异地招聘,民营公司,3-4年经验,6,招2人,,10000人以上
1948,前端开发,Web前端开发,Web前端开发工程师,软通动力信息技术（集团）股份有限公司,2-3万/月,上海-浦东新区,民营公司,3-4年经验,6,招5人,,10000人以上
1949,前端开发,Web前端开发,Web前端开发工程师,奥解思信息技术（上海）有限公司,1.5-2万/月,上海-浦东新区,外资（欧美）,2年经验,6,招若干人,,500-1000人
1950,前端开发,Web前端开发,Web前端开发工程师,奥解思信息技术（上海）有限公司,1.5-2.3万/月,上海-浦东新区,外资（欧美）,2年经验,6,招若干人,定期体检 员工旅游 弹性工作 五险一金 13薪 带薪年假,500-1000人
1951,前端开发,Web前端开发,前端开发工程师,上海九物科技有限公司,180元/天,上海-闵行区,民营公司,在校生/应届生,6,招若干人,,少于50人
1952,前端开发,Web前端开发,GIS开发工程师（实习）,上海网波软件股份有限公司,3-3千/月,上海-杨浦区,民营公司,在校生/应届生,5,招若干人,五险一金 餐饮补贴 交通补贴,50-150人
1953,前端开发,Web前端开发,前端开发工程师（实习）,上海网波软件股份有限公司,3-3千/月,上海-杨浦区,民营公司,在校生/应届生,5,招若干人,五险一金 餐饮补贴 交通补贴,50-150人
1954,前端开发,Web前端开发,前端开发工程师（实习职位）,上海云诣网络科技有限公司,4-5千/月,上海-杨浦区,合资,在校生/应届生,6,招1人,五险一金 员工旅游 绩效奖金 弹性工作 带薪病假 带薪年假,少于50人
1955,前端开发,Web前端开发,前端开发实习生,建研科技股份有限公司,185元/天,上海-黄浦区,国企,在校生/应届生,7,招1人,周末双休 带薪年假 五险一金 专业培训 节日福利 餐饮补贴 绩效奖金 补充医疗保险,1000-5000人
1956,前端开发,Web前端开发,Web前端开发实习生,上海职愿互联科技有限公司,120元/天,上海-松江区,民营公司,在校生/应届生,6,招1人,,少于50人
1957,前端开发,Web前端开发,前端开发工程师,初识智能科技（上海）有限公司,3-4.5千/月,上海-浦东新区,民营公司,在校生/应届生,5,招若干人,,少于50人
1958,前端开发,Web前端开发,前端开发实习生,上海西井信息科技有限公司,150元/天,上海-长宁区,民营公司,在校生/应届生,6,招1人,,150-500人
1959,前端开发,Web前端开发,前端开发实习生,上海才匠智能科技有限公司,120元/天,上海-浦东新区,民营公司,在校生/应届生,6,招5人,做五休二 免费班车 节日福利,50-150人
1960,前端开发,Web前端开发,前端开发实习生,中云开源数据技术（上海）有限公司,2-6千/月,上海-浦东新区,民营公司,在校生/应届生,6,招3人,带薪年假 周末双休 五险一金 餐饮补贴 年终奖金,少于50人
1961,前端开发,Web前端开发,Web前端开发工程师,盾钰（上海）互联网科技有限公司,125元/天,上海-浦东新区,民营公司,在校生/应届生,,招若干人,,50-150人
1962,前端开发,HTML5开发工程师,202106005WEB前端开发工程师,沃企信息科技（上海）有限公司,1.5-2万/月,上海-徐汇区,民营公司,3-4年经验,6,招10人,,
1963,前端开发,HTML5开发工程师,Web前端开发工程师,上海蓝矩信息科技有限公司,0.7-1万/月,上海-杨浦区,民营公司,1年经验,6,招2人,做五休二 五险一金 员工旅游 餐饮补贴 专业培训 年终奖金,少于50人
1964,前端开发,HTML5开发工程师,前端开发工程师02,深圳市科联汇通科技有限公司上海分公司,1-1.5万/月,上海-虹口区,民营公司,3-4年经验,5,招若干人,五险一金 员工旅游 免费班车 绩效奖金,150-500人
1965,前端开发,HTML5开发工程师,Web前端开发工程师,上海新大陆翼码信息科技股份有限公司,0.8-1.2万/月,上海,民营公司,2年经验,5,招1人,五险一金 免费班车 通讯补贴 绩效奖金 定期体检,150-500人
1966,前端开发,HTML5开发工程师,H5前端开发工程师（中级）,上海皇家网络科技有限公司,1-1.5万/月,上海-浦东新区,民营公司,3-4年经验,5,招1人,五险一金 绩效奖金 项目奖金 交通补贴,50-150人
1967,前端开发,HTML5开发工程师,web前端工程师,名炬企业管理（上海）有限公司,0.6-1.5万/月,上海-宝山区,民营公司,2年经验,5,招若干人,带薪年假 五险一金 做五休二 加班补贴 包住宿,150-500人
1968,前端开发,HTML5开发工程师,高级前端开发工程师（uni-app）,上海弘绎科技有限公司,2-3.5万/月,上海-徐汇区,民营公司,5-7年经验,6,招1人,六险一金 节日福利 加班补贴 弹性工作 带薪年假,50-150人
1969,前端开发,HTML5开发工程师,前端工程师,上海电气集团数字科技有限公司,2-2.5万/月,上海-徐汇区,国企,3-4年经验,6,招4人,五险一金,150-500人
1970,前端开发,HTML5开发工程师,前端开发工程师,上海垣宝物联网科技有限公司淮安分公司,0.8-1.8万/月,上海-浦东新区,国企,2年经验,6,招2人,五险一金 员工旅游 交通补贴 餐饮补贴 专业培训 通讯补贴 绩效奖金 年终奖金 弹性工作 定期体检,50-150人
1971,前端开发,HTML5开发工程师,Web前端开发工程师,奥科美（上海）信息技术有限公司,1-1.5万/月,上海-浦东新区,合资,2年经验,6,招2人,五险一金 绩效奖金 弹性工作 交通补贴 餐饮补贴 通讯补贴,少于50人
1972,前端开发,HTML5开发工程师,前端中级开发工程师,上海维弘信息科技有限公司,1.2-1.7万/月,上海-长宁区,民营公司,3-4年经验,6,招3人,年终奖金 绩效奖金 定期体检 员工旅游,50-150人
1973,前端开发,HTML5开发工程师,WEB / HTML5 开发工程师,万由数据科技（宁波）有限公司,1.5-2万/月,上海-普陀区,民营公司,2年经验,6,招3人,五险一金 员工旅游 专业培训 绩效奖金 年终奖金 节日福利 高温补贴,少于50人
1974,前端开发,HTML5开发工程师,H5前端工程师(领导nice),上海织田信息技术有限公司,0.7-1.5万/月,上海-浦东新区,民营公司,2年经验,5,招5人,五险一金 免费班车 员工旅游 绩效奖金 定期体检 专业培训,50-150人
1975,前端开发,HTML5开发工程师,前端开发工程师,上海金丘信息科技股份有限公司,1.5-2.5万/月,上海-浦东新区,上市公司,5-7年经验,5,招2人,五险一金 员工旅游 绩效奖金 年终奖金 定期体检 弹性工作 专业培训,150-500人
1976,前端开发,HTML5开发工程师,高级web前端开发工程师,剑羽智能科技（上海）有限公司,1.5-3万/月,上海-浦东新区,民营公司,5-7年经验,5,招若干人,五险一金 绩效奖金 年终奖金 弹性工作 补充医疗保险 定期体检,50-150人
1977,前端开发,HTML5开发工程师,Web前端开发工程师,上海澎博财经资讯有限公司,1.5-2万/月,上海,民营公司,3-4年经验,6,招若干人,五险一金 专业培训 定期体检 员工旅游,150-500人
1978,前端开发,HTML5开发工程师,资深VUE前端开发工程师,润申标准化技术服务（上海）有限公司,25-40万/年,上海-杨浦区,民营公司,5-7年经验,6,招若干人,五险一金 交通补贴 餐饮补贴 做五休二 专业培训 带薪年假 周末双休,少于50人
1979,前端开发,HTML5开发工程师,网站前端开发工程师,上海开眼信息科技有限公司,0.6-1.2万/月,上海-普陀区,民营公司,1年经验,5,招1人,五险一金 员工旅游 年终奖金 弹性工作 团队聚餐 周末双休 绩效奖金,50-150人
1980,前端开发,HTML5开发工程师,H5开发工程师（票据）,上海睿民互联网科技有限公司,1.1-1.6万/月,上海-徐汇区,民营公司,3-4年经验,6,招1人,五险一金 补充医疗保险 定期体检 晋升空间 补贴,500-1000人
1981,前端开发,HTML5开发工程师,H5开发工程师,广州光点信息科技有限公司,0.9-1.5万/月,上海-虹口区,民营公司,3-4年经验,6,招2人,五险一金 周末双休 加班补助 年终奖金 绩效奖金 员工旅游 专业培训,50-150人
1982,前端开发,HTML5开发工程师,react前端,上海裕宁信息科技有限公司,1.4-1.8万/月,上海-浦东新区,民营公司,3-4年经验,5,招5人,五险一金 员工旅游 绩效奖金 年终奖金 专业培训,150-500人
1983,前端开发,HTML5开发工程师,前端开发工程师,上海连尚网络科技有限公司,2-2.5万/月,上海-浦东新区,民营公司,3-4年经验,6,招1人,五险一金 补充医疗保险 补充公积金 免费班车 员工旅游 交通补贴 餐饮补贴 通讯补贴 专业培训 出国机会,500-1000人
1984,前端开发,HTML5开发工程师,H5前端开发工程师,深圳兴融联科技股份有限公司上海分公司,1.2-1.6万/月,上海-浦东新区,民营公司,2年经验,5,招2人,,150-500人
1985,前端开发,HTML5开发工程师,HTML5开发工程师,上海先雅贸易有限公司,0.8-1.6万/月,上海-宝山区,合资,3-4年经验,6,招3人,做五休二 周末双休 弹性工作 带薪年假 五险一金 全勤奖 节日福利,150-500人
1986,前端开发,HTML5开发工程师,HTML5开发工程师,上海西信信息科技股份有限公司,1.5-2万/月,上海,上市公司,3-4年经验,5,招若干人,五险一金 年度体检 周末双休,150-500人
1987,前端开发,HTML5开发工程师,前端开发工程师（20）,上海复深蓝软件股份有限公司,1.5-2万/月,上海-徐汇区,上市公司,3-4年经验,5,招4人,五险一金 年终奖金 做五休二 出国机会,1000-5000人
1988,前端开发,HTML5开发工程师,高级前端工程师,上海富策信息科技有限公司,1-1.5万/月,上海,民营公司,3-4年经验,6,招3人,五险一金 年终奖金 弹性工作 周末双休 员工旅游 高温补贴,50-150人
1989,前端开发,HTML5开发工程师,Web前端开发工程师,上海刀奇智能科技有限公司,1.2-1.8万/月,上海-松江区,民营公司,1年经验,5,招若干人,五险一金 员工旅游 专业培训 弹性工作 股票期权 年终奖金 绩效奖金,少于50人
1990,前端开发,HTML5开发工程师,HTML5开发工程师——远程办公,上海本原网络科技有限公司,1.5-2万/月,上海-松江区,民营公司,2年经验,6,招若干人,做五休二 周末双休 弹性工作,少于50人
1991,前端开发,HTML5开发工程师,高级前端开发工程师,深圳市宝润兴业互联网信息服务有限公司,2-3.5万/月,上海-浦东新区,民营公司,5-7年经验,5,招5人,五险一金,500-1000人
1992,前端开发,HTML5开发工程师,web前端开发工程师html5,上海杰之能软件科技有限公司,1.2-1.6万/月,上海-静安区,民营公司,3-4年经验,6,招若干人,五险一金 免费班车 年终奖金 餐饮补贴,150-500人
1993,前端开发,HTML5开发工程师,前端开发工程师,端云信息技术（上海）有限公司,1.2-1.5万/月,上海-浦东新区,民营公司,3-4年经验,5,招2人,五险一金 绩效奖金 年终奖金,50-150人
1994,前端开发,HTML5开发工程师,Web前端开发工程师,上海翔盛悦信息技术有限公司,1-1.5万/月,上海-浦东新区,民营公司,2年经验,5,招3人,绩效奖金 优秀员工奖励,少于50人
1995,前端开发,HTML5开发工程师,资深开发/助理架构师（前端）,MBP软件集团（MBP Software Group）,2-3.5万/月,上海-浦东新区,外资（非欧美）,5-7年经验,6,招1人,五险一金 绩效奖金 年终奖金 定期体检,150-500人
1996,前端开发,HTML5开发工程师,AWC开发工程师,上海坤德信息科技有限公司,1-2万/月,上海-普陀区,民营公司,1年经验,6,招2人,五险一金 员工旅游 弹性工作 年终奖金 定期体检 交通补贴 出国机会,50-150人
1997,前端开发,HTML5开发工程师,Web前端/Html5 开发工程师/微信小程序,上海沪万智能科技有限公司,1.5-2万/月,上海-普陀区,合资,5-7年经验,6,招2人,五险一金 年终奖金 定期体检 弹性工作,少于50人
1998,前端开发,HTML5开发工程师,Web前端开发工程师,上海普瑞邦克软件技术有限公司,1-1.5万/月,上海,合资,5-7年经验,6,招若干人,五险一金 定期体检 餐饮补贴 补充公积金 周末双休 带薪年假 做五休二,150-500人
1999,前端开发,HTML5开发工程师,Web前端开发工程师,中网云智（深圳）科技有限公司,1.2-2.8万/月,上海-长宁区,民营公司,5-7年经验,5,招2人,,50-150人
2000,前端开发,HTML5开发工程师,前端开发工程师（中高级）,上海凌脉网络科技股份有限公司,1.5-1.8万/月,上海-静安区,上市公司,3-4年经验,5,招1人,做五休二 弹性工作 带薪年假 五险一金 年终奖金 定期体检,150-500人
2001,前端开发,HTML5开发工程师,软件开发工程师,埃思本软件技术（上海）有限公司,1.5-2万/月,上海-浦东新区,外资（欧美）,3-4年经验,6,招1人,周末双休 带薪年假 五险一金 节日福利 年度体检 弹性工作 补充医疗保险 试用期全额,150-500人
2002,前端开发,HTML5开发工程师,HTML5开发工程师（急聘）,佛氏电脑软件（上海）有限公司,1.2-1.5万/月,上海,外资（非欧美）,1年经验,6,招若干人,五险一金 补充医疗保险 员工旅游 交通补贴 餐饮补贴 绩效奖金 年终奖金 定期体检 专业培训,150-500人
2003,前端开发,HTML5开发工程师,HTML5开发工程师,上海睿泰企业管理集团有限公司,1.2-1.5万/月,上海-杨浦区,上市公司,3-4年经验,6,招1人,五险一金 定期体检 专业培训 绩效奖金 周末双休 定期团建 生日礼品,500-1000人
2004,前端开发,HTML5开发工程师,前端开发工程师,上海布眼人工智能科技有限公司,1-1.5万/月,上海-杨浦区,民营公司,2年经验,6,招若干人,五险一金 弹性工作 周末双休,少于50人
2005,前端开发,HTML5开发工程师,H5开发工程师,薪得付信息技术(上海)有限公司,0.9-1.1万/月,上海,外资（欧美）,1年经验,5,招1人,,500-1000人
2006,前端开发,HTML5开发工程师,前端开发工程师-上海,秘珀（上海）软件科技有限公司,1-1.5万/月,上海,外资（欧美）,3-4年经验,6,招1人,五险一金 员工旅游 年终奖金 周末双休 带薪年休假 补充带薪休假 项目奖金 弹性工作 出差补贴 节日福利,50-150人
2007,前端开发,HTML5开发工程师,前端开发工程师,上海申挚医疗科技有限公司,1-2万/月,上海-虹口区,民营公司,2年经验,6,招5人,五险一金 弹性工作 员工旅游 年终奖金,50-150人
2008,前端开发,HTML5开发工程师,web前端开发工程师,上海首信信息科技有限公司,0.8-1.8万/月,上海-普陀区,民营公司,1年经验,6,招若干人,五险一金 员工旅游 交通补贴 餐饮补贴 通讯补贴 绩效奖金 周五下午茶,50-150人
2009,前端开发,HTML5开发工程师,前端开发工程师-大屏可视化方向,上海澳马信息技术服务有限公司,1.2-1.8万/月,上海,国企,2年经验,5,招若干人,餐饮补贴 绩效奖金 定期体检 弹性工作 五险一金 年终奖金,50-150人
2010,前端开发,HTML5开发工程师,Java开发工程师,上海腾程医学科技信息有限公司,1.8-2.5万/月,上海,外资（欧美）,5-7年经验,6,招2人,五险一金 餐饮补贴 年终奖金,50-150人
2011,前端开发,HTML5开发工程师,移动H5开发工程师,深圳科蓝金信科技发展有限公司,0.7-1.5万/月,异地招聘,合资,1年经验,5,招若干人,五险一金 绩效奖金 节日福利 带薪假期 加班补助 定期体检 商业保险 包住宿,1000-5000人
2012,前端开发,HTML5开发工程师,H5开发工程师,上海远涛信息技术服务有限公司,1.5-1.7万/月,上海-闵行区,民营公司,3-4年经验,5,招1人,五险一金 员工旅游 节日福利 专业培训 周末双休 定期团建 重点项目 大牛带队 带薪年假,50-150人
2013,前端开发,HTML5开发工程师,Web前端开发工程师,上海浦源科技有限公司,1-1.5万/月,上海-闵行区,民营公司,2年经验,6,招1人,,50-150人
2014,前端开发,HTML5开发工程师,高级H5,上海网达软件股份有限公司,1-2万/月,上海-虹口区,上市公司,5-7年经验,6,招1人,五险一金 年终奖金 绩效奖金 弹性工作 周末双休,1000-5000人
2015,前端开发,HTML5开发工程师,Web前端开发工程师,米茂（上海）数字技术有限公司,0.6-1.8万/月,上海-闵行区,民营公司,3-4年经验,6,招1人,,少于50人
2016,前端开发,HTML5开发工程师,HTML5开发工程师,上海讯真信息科技有限公司,1-1.5万/月,上海-静安区,民营公司,2年经验,6,招3人,五险一金 做五休二 周末双休 弹性工作 带薪年假 节日福利 高温补贴,50-150人
2017,前端开发,HTML5开发工程师,前端研发,上海朗裕信息科技有限公司,1-1.5万/月,上海-徐汇区,民营公司,3-4年经验,5,招1人,五险一金 全勤奖 弹性工作 住房补贴 做五休二 交通补贴 专业培训 加班补贴,50-150人
2018,前端开发,HTML5开发工程师,前端开发工程师,上海音达科技实业有限公司,1-1.5万/月,上海-徐汇区,民营公司,2年经验,5,招1人,五险一金 年终奖金 定期体检 员工旅游 弹性工作,500-1000人
2019,前端开发,HTML5开发工程师,前端开发工程师,上海兴候信息科技有限公司,0.8-1.5万/月,上海,合资,3-4年经验,5,招若干人,五险一金 弹性工作 带薪年假 餐补 住房补贴,150-500人
2020,前端开发,HTML5开发工程师,高级前端开发工程师,上海畅为信息技术有限公司,1.2-2万/月,上海-杨浦区,民营公司,3-4年经验,5,招若干人,五险一金 周末双休 带薪年假,50-150人
2021,前端开发,HTML5开发工程师,前端开发工程师,泰瑞数创科技（北京）有限公司,1-1.5万/月,上海-青浦区,民营公司,2年经验,6,招1人,五险一金 专业培训 绩效奖金 年终奖金 弹性工作 定期体检,150-500人
2022,前端开发,HTML5开发工程师,资深前端开发工程师,燕梭金融信息科技（上海）有限公司,1.5-1.9万/月,上海-浦东新区,民营公司,5-7年经验,6,招若干人,五险一金 餐饮补贴 节日福利,50-150人
2023,前端开发,HTML5开发工程师,Web前端工程师,上海华兴数字科技有限公司,1.8-3万/月,上海-浦东新区,民营公司,3-4年经验,6,招若干人,五险一金 员工旅游 专业培训 餐饮补贴 绩效奖金 年终奖金 免费班车,150-500人
2024,前端开发,HTML5开发工程师,前端开发工程师,北京宏天信业信息技术股份有限公司上海分公司,1-1.5万/月,上海-浦东新区,民营公司,2年经验,5,招2人,五险一金 交通补贴 餐饮补贴 通讯补贴 定期体检 年终奖金 员工旅游,150-500人
2025,前端开发,HTML5开发工程师,前端开发工程师,上海新网程信息技术股份有限公司,1-1.8万/月,上海-普陀区,民营公司,3-4年经验,6,招2人,五险一金 交通补贴 员工旅游 年终奖金 股票期权 绩效奖金 通讯补贴,50-150人
2026,前端开发,HTML5开发工程师,前端开发工程师,上海襄岳信息技术有限公司,1-2万/月,上海-闵行区,民营公司,3-4年经验,5,招12人,员工旅游 年终奖金 绩效奖金 节假日福利 五险一金,150-500人
2027,前端开发,HTML5开发工程师,前端中高级开发工程师,上海胜慧软件开发有限公司,1-1.5万/月,上海-杨浦区,民营公司,3-4年经验,5,招2人,,150-500人
2028,前端开发,HTML5开发工程师,前端开发工程师,江苏实达迪美数据处理有限公司,6-8千/月,上海-静安区,民营公司,1年经验,5,招3人,五险一金 补充医疗保险 员工旅游 餐饮补贴 专业培训 年终奖金 绩效奖金 定期体检,150-500人
2029,前端开发,HTML5开发工程师,Web前端开发工程师,上海瀛太信息科技有限公司,1-1.5万/月,上海,民营公司,2年经验,5,招1人,五险一金 绩效奖金 股票期权 餐饮补贴 交通补贴 年终奖金 通讯补贴,少于50人
2030,前端开发,HTML5开发工程师,Web前端开发工程师,上海云深网络技术有限公司,0.9-1.4万/月,上海-浦东新区,民营公司,1年经验,6,招3人,五险一金 员工旅游 餐饮补贴 通讯补贴 弹性工作 年终奖金,50-150人
2031,前端开发,HTML5开发工程师,HTML5开发工程师,上海蜂雀网络科技有限公司,1.5-2.5万/月,上海-闵行区,民营公司,3-4年经验,6,招1人,五险一金 员工旅游 交通补贴 专业培训 绩效奖金 年终奖金 弹性工作,50-150人
2032,前端开发,HTML5开发工程师,vue前端工程师,北京微聚万家科技有限公司,1-1.5万/月,上海-闵行区,合资,3-4年经验,6,招若干人,五险一金 员工旅游 交通补贴 餐饮补贴 通讯补贴 年终奖金 弹性工作,150-500人
2033,前端开发,HTML5开发工程师,前端工程师,易生支付有限公司,1-1.5万/月,上海-浦东新区,合资,2年经验,5,招1人,五险一金 补充医疗保险 绩效奖金 带薪年假 周末双休 专业培训 定期体检,500-1000人
2034,前端开发,HTML5开发工程师,HTML5开发工程师（vue框架）,上海瑞车信息科技有限公司,1-1.5万/月,上海-徐汇区,上市公司,2年经验,5,招2人,五险一金 补充医疗保险 定期体检 晋升空间 补贴,50-150人
2035,前端开发,HTML5开发工程师,Web前端开发工程师,上海大漠电子科技股份有限公司,0.8-1.5万/月,上海-闵行区,民营公司,1年经验,6,招若干人,五险一金 餐饮补贴 员工旅游 专业培训,50-150人
2036,前端开发,HTML5开发工程师,前端开发工程师,上海聚向信息科技有限公司,1-1.5万/月,上海-浦东新区,民营公司,2年经验,5,招1人,朝九晚六 五险一金 员工旅游 专业培训 年终奖金 出差补贴 通讯补贴,50-150人
2037,前端开发,HTML5开发工程师,H5 开发工程师,迪爱斯信息技术股份有限公司,0.8-1.2万/月,上海-徐汇区,国企,2年经验,6,招1人,五险一金 补充公积金 定期体检 专业培训 年终奖金,500-1000人
2038,前端开发,HTML5开发工程师,H5开发工程师,上海兀忧网络科技有限公司,2-2.5万/月,上海,民营公司,3-4年经验,6,招3人,,50-150人
2039,前端开发,HTML5开发工程师,前端开发工程师(移动端方向）,上海砖石信息科技有限公司,0.8-1万/月,上海-普陀区,民营公司,2年经验,5,招2人,五险一金 员工旅游 年终奖金 周末双休 节日福利 生日福利 带薪年假,少于50人
2040,前端开发,HTML5开发工程师,某外资500强- React前端开发工程师,江苏超正科技有限公司,1.4-2万/月,上海-嘉定区,民营公司,3-4年经验,6,招1人,五险一金 周末双休 加班补贴 交通补贴 餐饮补贴,150-500人
2041,前端开发,HTML5开发工程师,Web前端开发工程师,上海琢本网络科技有限公司,1-1.5万/月,上海-长宁区,民营公司,2年经验,5,招2人,五险一金 员工旅游 定期体检 股票期权 绩效奖金 年终奖金,少于50人
2042,前端开发,HTML5开发工程师,前端开发工程师（中高级别）,上海吉贝克信息技术有限公司,1.5-2万/月,上海-浦东新区,民营公司,3-4年经验,6,招2人,五险一金 专业培训 通讯补贴,500-1000人
2043,前端开发,HTML5开发工程师,H5开发工程师,上海跳跃互动娱乐发展有限公司,1.2-2.4万/月,上海-浦东新区,民营公司,2年经验,6,招1人,五险一金 绩效奖金,150-500人
2044,前端开发,HTML5开发工程师,前端开发工程师（上海）,招银云创信息技术有限公司,1.2-2.4万/月,上海-浦东新区,民营公司,3-4年经验,6,招2人,五险一金 年终奖金 补充医疗保险 定期体检 绩效奖金 专业培训 补充公积金,500-1000人
2045,前端开发,HTML5开发工程师,python 数据工程师,上海熠朗信息科技有限公司,1-1.5万/月,上海-闵行区,民营公司,2年经验,6,招2人,五险一金 员工旅游 专业培训 绩效奖金 弹性工作 年终奖金,少于50人
2046,前端开发,HTML5开发工程师,HTML5开发工程师,重庆网达软件有限公司,1.3-2万/月,上海-虹口区,上市公司,3-4年经验,6,招若干人,五险一金 弹性工作 周末双休,500-1000人
2047,前端开发,HTML5开发工程师,H5前端开发工程师,豆根网络科技（上海）有限公司,1.5-2万/月,上海-嘉定区,民营公司,2年经验,6,招若干人,五险一金 年终奖金 专业培训 免费班车 做五休二 周末双休 带薪年假 节日福利,50-150人
2048,前端开发,HTML5开发工程师,Web前端开发工程师,深圳市锐明技术股份有限公司,0.8-1万/月,上海-杨浦区,上市公司,2年经验,6,招若干人,,1000-5000人
2049,前端开发,HTML5开发工程师,HTML5开发工程师（外派）,上海玉越信息技术有限公司,1-1.8万/月,上海-浦东新区,民营公司,3-4年经验,5,招2人,,50-150人
2050,前端开发,HTML5开发工程师,HTML5开发工程师,上海资科信息技术有限公司,1.6-1.8万/月,上海-浦东新区,民营公司,3-4年经验,5,招1人,员工旅游 年终奖金 项目奖金 国定节假日 五险一金,50-150人
2051,前端开发,HTML5开发工程师,Web前端开发工程师,熊猫智慧水务有限公司,0.8-1.3万/月,上海-青浦区,民营公司,2年经验,6,招若干人,五险一金 餐补 节日福利 双休 年终奖金 定期体检 调薪,150-500人
2052,前端开发,HTML5开发工程师,H5开发工程师,上海及未科技有限公司,1.4-2.4万/月,上海-徐汇区,民营公司,3-4年经验,6,招1人,五险一金 员工旅游 专业培训 绩效奖金 年终奖金 周末双休 带薪年假 节日福利 全勤奖 餐饮补贴,150-500人
2053,前端开发,HTML5开发工程师,前端开发工程师,上海宸瑜网络科技有限公司,1-1.5万/月,上海-闵行区,民营公司,3-4年经验,6,招2人,做五休二 节日福利 专业培训 员工旅游 五险一金 年终奖金,50-150人
2054,前端开发,HTML5开发工程师,Web前端开发工程师,上海铱云信息技术有限公司,0.8-1.5万/月,上海,民营公司,2年经验,6,招3人,五险一金 绩效奖金 年终奖金 定期体检 加班补贴 节日福利,少于50人
2055,前端开发,HTML5开发工程师,H5开发,北明软件有限公司,0.8-1.8万/月,上海-浦东新区,上市公司,3-4年经验,6,招若干人,五险一金 补充医疗保险 补充公积金 餐饮补贴 定期体检 年终奖金,1000-5000人
2056,前端开发,HTML5开发工程师,高级H5,深圳市德科信息技术有限公司,1.5-2万/月,上海-长宁区,民营公司,3-4年经验,5,招2人,五险一金 做五休二 带薪年假 节日福利,1000-5000人
2057,前端开发,HTML5开发工程师,计算机软件工程师,上海岩峤信息科技有限公司,0.6-1.5万/月,上海-闵行区,民营公司,1年经验,6,招1人,五险一金 年终奖金 弹性工作 绩效奖金,少于50人
2058,前端开发,HTML5开发工程师,前端开发经理,上海爱数信息技术股份有限公司,2.5-3.5万/月,上海,民营公司,5-7年经验,6,招1人,,1000-5000人
2059,前端开发,HTML5开发工程师,前端开发工程师-高级,上海罗盘信息科技有限公司,2-2.5万/月,上海-黄浦区,民营公司,5-7年经验,6,招2人,,150-500人
2060,前端开发,HTML5开发工程师,HTML5开发工程师,苏州种梦客网络科技有限公司,1.2-1.5万/月,上海-虹口区,民营公司,3-4年经验,6,招2人,,少于50人
2061,前端开发,HTML5开发工程师,H5前端开发工程师（华鑫证券）,上海金仕达成括信息科技有限公司,1-1.5万/月,上海-徐汇区,民营公司,2年经验,6,招若干人,五险一金 员工旅游 年终奖金 定期体检 专业培训 补充医疗保险,1000-5000人
2062,前端开发,HTML5开发工程师,Web前端开发工程师,上海九影网络科技有限公司,0.6-1万/月,上海-浦东新区,民营公司,1年经验,5,招2人,绩效奖金 年终奖金 五险一金 员工旅游 专业培训 弹性工作,少于50人
2063,前端开发,HTML5开发工程师,高级前端开发工程师0407,上海云简软件科技有限公司,2-3.5万/月,上海-浦东新区,民营公司,5-7年经验,6,招8人,年底双薪 股票期权 带薪年假 午餐补助 扁平管理 技能培训 岗位晋升 五险一金 发展空间大 全勤奖,50-150人
2064,前端开发,HTML5开发工程师,前端开发工程师,上海时溪信息技术有限公司,1.5-2万/月,上海-浦东新区,民营公司,3-4年经验,6,招若干人,五险一金 免费班车,50-150人
2065,前端开发,HTML5开发工程师,前端开发工程师,上海杰图天下网络科技有限公司,1.5-2万/月,上海-浦东新区,民营公司,3-4年经验,6,招2人,五险一金 餐饮补贴 通讯补贴 专业培训 出国机会 弹性工作,少于50人
2066,前端开发,HTML5开发工程师,H5前端开发工程师,上海大智慧股份有限公司,1.5-2.5万/月,上海-浦东新区,上市公司,3-4年经验,6,招1人,做五休二 周末双休 五险一金 绩效奖金 餐饮补贴 交通补贴,1000-5000人
2067,前端开发,HTML5开发工程师,Web前端开发工程师,上海德慧信息技术有限公司,0.8-1.5万/月,上海-黄浦区,民营公司,2年经验,6,招3人,五险一金 年终奖金 弹性工作 定期体检 补充公积金 员工旅游,150-500人
2068,前端开发,HTML5开发工程师,H5/threeJS 前端开发工程师,魔立数码科技（上海）有限公司,0.9-1.5万/月,上海-徐汇区,民营公司,2年经验,6,招1人,,少于50人
2069,前端开发,HTML5开发工程师,前端开发工程师,上海天茹网络科技有限公司,2-2.5万/月,上海-浦东新区,创业公司,5-7年经验,6,招1人,,50-150人
2070,前端开发,HTML5开发工程师,HTML5开发工程师,上海中畅信息科技有限公司,1-2万/月,上海-黄浦区,民营公司,3-4年经验,6,招4人,五险一金 补充医疗保险 免费班车 定期体检 年终奖金 员工旅游,50-150人
2071,前端开发,HTML5开发工程师,前端开发工程师,上海坤亿信息技术有限公司,1.2-1.5万/月,上海-长宁区,民营公司,3-4年经验,6,招若干人,,150-500人
2072,前端开发,HTML5开发工程师,Javascript高级开发工程师,上海贝耳塔信息技术有限公司,1.8-2.6万/月,上海,民营公司,5-7年经验,6,招3人,五险一金 员工旅游 餐饮补贴 年终奖金 股票期权 定期体检,150-500人
2073,前端开发,HTML5开发工程师,H5前端开发,北京腾信软创科技股份有限公司,1.2-1.6万/月,上海-浦东新区,上市公司,3-4年经验,5,招1人,定期体检 五险一金 员工旅游 交通补贴 餐饮补贴 专业培训,500-1000人
2074,前端开发,HTML5开发工程师,H5前端开发工程师,迅付信息科技有限公司,1-1.5万/月,上海-浦东新区,民营公司,3-4年经验,6,招1人,做五休二 周末双休 带薪年假 五险一金 绩效奖金 节日福利 专业培训 加班补贴,50-150人
2075,前端开发,HTML5开发工程师,高级前端开发工程师/web前端开发工程师,上海赋算通云计算科技有限公司,1.1-1.8万/月,上海-浦东新区,民营公司,3-4年经验,6,招若干人,五险一金 年终奖金 专业培训 绩效奖金 周末双休 餐饮补贴 弹性工作 定期体检,少于50人
2076,前端开发,HTML5开发工程师,前端开发工程师,融营通信科技（上海）有限公司,1.1-1.5万/月,上海-徐汇区,民营公司,3-4年经验,5,招1人,周末双休 带薪年假 五险一金 全勤奖 节日福利 绩效奖金 餐饮补贴 员工旅游 年终奖金,50-150人
2077,前端开发,HTML5开发工程师,前端开发工程师,步康（上海）软件有限公司,10-20万/年,上海-黄浦区,外资（欧美）,3-4年经验,5,招若干人,五险一金 年终奖金,50-150人
2078,前端开发,HTML5开发工程师,3D前端开发工程师,云从科技,1.8-3万/月,上海,民营公司,5-7年经验,6,招1人,,1000-5000人
2079,前端开发,HTML5开发工程师,.NET微信小程序开发工程师,铭农（上海）信息科技有限公司,0.8-1万/月,上海-宝山区,民营公司,1年经验,5,招2人,五险一金 绩效奖金 员工旅游,50-150人
2080,前端开发,HTML5开发工程师,HTML5开发工程师,上海有大信息科技有限公司,1.3-1.8万/月,上海-浦东新区,民营公司,3-4年经验,6,招2人,,50-150人
2081,前端开发,HTML5开发工程师,前端软件开发工程师,上海秉空网络科技有限公司,0.6-1.5万/月,上海-浦东新区,民营公司,1年经验,,招2人,外地提供住宿 五险一金 绩效奖金,少于50人
2082,前端开发,HTML5开发工程师,WEB3D开发工程师,上海顶互智能科技有限公司,0.7-1.2万/月,上海-松江区,创业公司,1年经验,5,招2人,,少于50人
2083,前端开发,HTML5开发工程师,java高级前端软件开发工程师,上海律信信息科技有限公司,1-1.5万/月,上海-闵行区,民营公司,3-4年经验,,招若干人,,50-150人
2084,前端开发,HTML5开发工程师,前端工程师,上海玺智汽车租赁有限公司,1.5-2万/月,上海-普陀区,合资,3-4年经验,6,招1人,做五休二 五险一金 绩效奖金 餐饮补贴,150-500人
2085,前端开发,HTML5开发工程师,HTML5开发工程师,上海懿教信息科技有限公司,1-1.5万/月,上海,民营公司,3-4年经验,6,招1人,五险一金 弹性工作 绩效奖金 定期体检 周末双休 交通补贴 年终奖金 出国旅游,50-150人
2086,前端开发,HTML5开发工程师,Web前端开发工程师,苏州弗格信息科技有限公司,1-1.5万/月,上海-徐汇区,民营公司,3-4年经验,5,招2人,五险一金 员工旅游 节假日福利 生日福利,50-150人
2087,前端开发,HTML5开发工程师,HTML5开发工程师,上海酷量信息技术有限公司,1.2-2万/月,上海-徐汇区,民营公司,2年经验,6,招2人,,150-500人
2088,前端开发,HTML5开发工程师,前端开发（外包）-医药行业,大连东软思维科技发展有限公司,1.8-2.5万/月,上海-浦东新区,民营公司,5-7年经验,6,招7人,五险一金 补充医疗保险 补充公积金 弹性工作 年终奖金 绩效奖金 定期体检 专业培训,1000-5000人
2089,前端开发,HTML5开发工程师,vue前端开发工程师,上海微缘网络科技有限公司,1-1.5万/月,上海-松江区,民营公司,3-4年经验,5,招1人,绩效奖金 全勤奖 五险一金 带薪年假 节日福利 专业培训,50-150人
2090,前端开发,HTML5开发工程师,前端开发工程师,上海宇臻科技有限公司,0.8-1.5万/月,上海-松江区,民营公司,2年经验,5,招2人,五险一金 餐饮补贴 绩效奖金 年终奖金,少于50人
2091,前端开发,HTML5开发工程师,移动端前端工程师,上海斜杠达人数码科技有限公司,2-4万/月,上海-长宁区,民营公司,5-7年经验,5,招1人,五险一金,少于50人
2092,前端开发,HTML5开发工程师,前端开发工程师,上海捷知科技有限公司,1.5-2万/月,上海-普陀区,合资,3-4年经验,6,招若干人,五险一金 绩效奖金 创业公司 周末双休,50-150人
2093,前端开发,HTML5开发工程师,前端开发工程师,上海扶丕悌软件有限公司,,上海-闵行区,外资（非欧美）,3-4年经验,6,招若干人,五险一金 出国机会,10000人以上
2094,前端开发,HTML5开发工程师,前端开发工程师,斌志（上海）网络科技有限公司,0.8-1万/月,上海-浦东新区,民营公司,1年经验,5,招若干人,绩效奖金 带薪年假 弹性工作 专业培训,少于50人
2095,前端开发,HTML5开发工程师,VUE前端工程师,用友汽车信息科技（上海）股份有限公司,1-1.5万/月,上海-嘉定区,民营公司,3-4年经验,6,招1人,五险一金 交通补贴 餐饮补贴 专业培训 年终奖金 定期体检,1000-5000人
2096,前端开发,HTML5开发工程师,AI BOX产品开发工程师(人工智能),上海宁日计算机软件有限公司,15-20万/年,上海-宝山区,民营公司,2年经验,6,招若干人,五险一金 绩效奖金 弹性工作 定期体检,50-150人
2097,前端开发,HTML5开发工程师,HTML5,上海银壳信息科技有限公司,2-2.5万/月,上海-长宁区,创业公司,3-4年经验,5,招若干人,,50-150人
2098,前端开发,HTML5开发工程师,HTML5开发工程师,上海志心泉系统软件有限公司,0.8-1万/月,上海,民营公司,2年经验,5,招2人,五险一金 餐饮补贴 通讯补贴 绩效奖金 年终奖金 专业培训,50-150人
2099,前端开发,HTML5开发工程师,web前端/h5研发工程师（中级）,上海证申信息服务有限公司,20-30万/年,上海-静安区,国企,3-4年经验,6,招若干人,五险一金 补充医疗保险 补充公积金 专业培训 绩效奖金 年终奖金 定期体检,150-500人
2100,前端开发,HTML5开发工程师,Web前端开发工程师,上海码岛科技股份有限公司,0.6-1万/月,上海-浦东新区,民营公司,2年经验,5,招若干人,五险一金,少于50人
2101,前端开发,HTML5开发工程师,前端开发工程师,上海小匆信息科技有限责任公司,1-2万/月,上海-闵行区,民营公司,3-4年经验,6,招2人,,少于50人
2102,前端开发,HTML5开发工程师,Java程序员,世问信息技术（上海）有限公司,1-1.5万/月,上海-浦东新区,外资（欧美）,2年经验,6,招2人,五险一金 绩效奖金 定期体检 员工旅游 出国机会,50-150人
2103,前端开发,HTML5开发工程师,Japanese Java 日语,普华永道信息技术（上海）有限公司,1-2万/月,上海-浦东新区,外资（欧美）,无需经验,,招若干人,五险一金 免费班车 弹性工作 专业培训,500-1000人
2104,前端开发,HTML5开发工程师,安卓手机软件开发工程师,佳能信息系统（上海）有限公司,1-1.5万/月,上海,外资（非欧美）,2年经验,6,招2人,五险一金 员工旅游 餐饮补贴 绩效奖金 带薪年假,少于50人
2105,前端开发,HTML5开发工程师,vue 开发工程师（驻场）,上海宝资软件有限公司,1-1.5万/月,上海-宝山区,民营公司,2年经验,6,招5人,餐饮补贴 五险一金 节日福利 出差补贴 做五休二 商业保险,150-500人
2106,前端开发,HTML5开发工程师,React Native开发工程师,中讯志远（武汉）科技有限公司,1-3万/月,上海,民营公司,2年经验,5,招若干人,年终奖金 五险一金,50-150人
2107,前端开发,HTML5开发工程师,Java开发工程师,申朴信息技术（上海）股份有限公司,1.3-1.8万/月,上海-浦东新区,上市公司,3-4年经验,5,招3人,五险一金 年终奖金,500-1000人
2108,前端开发,HTML5开发工程师,Unity3d初级开发工程师,上海煜航数字科技有限公司,0.8-1万/月,上海-宝山区,民营公司,1年经验,5,招若干人,周末双休 五险一金 绩效奖金 节日福利 加班补贴,
2109,前端开发,HTML5开发工程师,Java高级开发工程师,上海亦威软件有限公司,1.5-2万/月,上海-闵行区,民营公司,3-4年经验,6,招3人,五险一金 员工旅游 交通补贴 餐饮补贴 通讯补贴 年终奖金 弹性工作,少于50人
2110,前端开发,HTML5开发工程师,iOS开发工程师,南创博新技术有限公司,1-1.5万/月,上海-徐汇区,民营公司,1年经验,5,招3人,,50-150人
2111,前端开发,HTML5开发工程师,前端开发工程师（上海）,杭州远传新业科技有限公司,0.6-1万/月,上海,民营公司,在校生/应届生,6,招20人,,
2112,前端开发,HTML5开发工程师,HTML5开发工程师,迈檬信息科技（上海）有限公司,0.6-1万/月,上海-嘉定区,创业公司,在校生/应届生,5,招2人,五险一金 员工旅游 交通补贴 餐饮补贴 绩效奖金,少于50人
2113,前端开发,HTML5开发工程师,前端开发工程师,上海脉多信息技术有限公司,1.5-2千/月,上海-长宁区,民营公司,3-4年经验,6,招1人,做五休二 周末双休 带薪年假 五险一金 专业培训 加班补贴,50-150人
2114,前端开发,HTML5开发工程师,H5前端开发工程师,上海口袋云网络科技有限公司,1.5-2千/月,上海-宝山区,民营公司,2年经验,6,招若干人,五险一金 年终奖金,50-150人
2115,前端开发,HTML5开发工程师,前端开发工程师,上海维牛科技有限公司,1.5-2千/月,上海-宝山区,民营公司,3-4年经验,5,招2人,,50-150人
2116,前端开发,HTML5开发工程师,前端开发工程师,北京湛腾世纪科技有限公司,13-20万/月,上海-黄浦区,民营公司,3-4年经验,5,招2人,弹性工作 带薪年假 五险一金 绩效奖金 专业培训,150-500人
2117,前端开发,HTML5开发工程师,前端开发实习生,上海才匠智能科技有限公司,120元/天,上海-浦东新区,民营公司,在校生/应届生,6,招5人,做五休二 免费班车 节日福利,50-150人
2118,前端开发,HTML5开发工程师,前端高级开发工程师,上海维弘信息科技有限公司,1.5-2万/月,上海-长宁区,民营公司,5-7年经验,6,招2人,年终奖金 绩效奖金 定期体检 员工旅游,50-150人
2119,前端开发,HTML5开发工程师,HTML5开发工程师-20,上海复深蓝软件股份有限公司,1.6-2.2万/月,上海-浦东新区,上市公司,3-4年经验,5,招3人,五险一金 年终奖金 做五休二 定期体检 绩效奖金,1000-5000人
2120,前端开发,HTML5开发工程师,前端中级开发工程师,深圳市宝润兴业互联网信息服务有限公司,1.5-3万/月,上海-浦东新区,民营公司,3-4年经验,5,招5人,五险一金,500-1000人
2121,前端开发,HTML5开发工程师,前端开发中级工程师（平安项目）,深圳市宝润兴业互联网信息服务有限公司,1.5-3万/月,上海-浦东新区,民营公司,3-4年经验,5,招5人,五险一金,500-1000人
2122,前端开发,HTML5开发工程师,前端中级开发工程师,深圳市宝润兴业互联网信息服务有限公司,1.5-3万/月,上海-浦东新区,民营公司,3-4年经验,5,招5人,,500-1000人
2123,前端开发,HTML5开发工程师,前端开发工程师,上海弘绎科技有限公司,1-2万/月,上海-徐汇区,民营公司,3-4年经验,6,招1人,六险一金 节日福利 加班补贴 弹性工作 带薪年假,50-150人
2124,前端开发,HTML5开发工程师,前端开发工程师,上海澳马信息技术服务有限公司,1-2万/月,上海,国企,3-4年经验,5,招若干人,餐饮补贴 绩效奖金 定期体检 弹性工作 五险一金 年终奖金,50-150人
2125,前端开发,HTML5开发工程师,前端开发工程师,燕梭金融信息科技（上海）有限公司,0.9-1.4万/月,上海-浦东新区,民营公司,2年经验,6,招若干人,五险一金 餐饮补贴 节日福利,50-150人
2126,前端开发,HTML5开发工程师,高级前端开发工程师,润申标准化技术服务（上海）有限公司,15-30万/年,上海-杨浦区,民营公司,5-7年经验,6,招1人,五险一金 交通补贴 餐饮补贴 做五休二 专业培训 带薪年假 周末双休,少于50人
2127,前端开发,HTML5开发工程师,前端开发工程师,润申标准化技术服务（上海）有限公司,0.8-1.2万/月,上海-杨浦区,民营公司,3-4年经验,6,招2人,五险一金 交通补贴 餐饮补贴 做五休二 专业培训 带薪年假 周末双休,少于50人
2128,前端开发,HTML5开发工程师,Web前端开发工程师,北京宏天信业信息技术股份有限公司上海分公司,0.9-1.5万/月,上海-浦东新区,民营公司,2年经验,5,招2人,五险一金 交通补贴 餐饮补贴 通讯补贴 定期体检 年终奖金,150-500人
2129,前端开发,HTML5开发工程师,HTML5开发工程师（vue框架）,上海瑞车信息科技有限公司,1-1.5万/月,上海-徐汇区,上市公司,2年经验,6,招2人,五险一金 补充医疗保险 定期体检 晋升空间 补贴,50-150人
2130,前端开发,HTML5开发工程师,H5前端开发工程师,上海睿民互联网科技有限公司,1-1.5万/月,上海-浦东新区,民营公司,3-4年经验,6,招1人,五险一金 补充医疗保险 定期体检 晋升空间 补贴,500-1000人
2131,前端开发,HTML5开发工程师,HTML5开发工程师,上海吉贝克信息技术有限公司,1.5-2万/月,上海-浦东新区,民营公司,5-7年经验,5,招若干人,五险一金 员工旅游 通讯补贴 办公补贴 绩效奖金,500-1000人
2132,前端开发,HTML5开发工程师,中高级h5前端开发工程师（11）,上海复深蓝软件股份有限公司,2.5-3万/月,上海,上市公司,5-7年经验,5,招若干人,五险一金 员工旅游 出国机会 绩效奖金 年终奖金 股票期权 通讯补贴 专业培训 弹性工作 定期体检,1000-5000人
2133,前端开发,HTML5开发工程师,h5前端开发工程师（03）,上海复深蓝软件股份有限公司,1.5-1.8万/月,上海-浦东新区,上市公司,3-4年经验,6,招若干人,五险一金 员工旅游 出国机会 绩效奖金 年终奖金 股票期权 通讯补贴 专业培训 弹性工作 定期体检,1000-5000人
2134,前端开发,HTML5开发工程师,移动前端开发主管（vue ）-03,上海复深蓝软件股份有限公司,2.5-3万/月,上海-浦东新区,上市公司,3-4年经验,5,招若干人,五险一金 年终奖金 绩效奖金 员工旅游 出国机会,1000-5000人
2135,前端开发,HTML5开发工程师,前端开发主管（vue/react）03,上海复深蓝软件股份有限公司,2.5-3万/月,上海,上市公司,5-7年经验,6,招若干人,五险一金 年终奖金 绩效奖金 员工旅游 出国机会,1000-5000人
2136,前端开发,HTML5开发工程师,Web前端开发工程师,深圳市锐明技术股份有限公司,0.8-1万/月,上海-杨浦区,上市公司,2年经验,6,招若干人,,1000-5000人
2137,前端开发,HTML5开发工程师,HTML5开发工程师,深圳市德科信息技术有限公司,1.5-2万/月,上海-浦东新区,民营公司,5-7年经验,5,招3人,五险一金 做五休二,1000-5000人
2138,前端开发,HTML5开发工程师,前端开发工程师-中高级,上海罗盘信息科技有限公司,1-1.5万/月,上海-黄浦区,民营公司,3-4年经验,6,招2人,五险一金 员工旅游 年终奖金 专业培训 绩效奖金,150-500人
2139,前端开发,HTML5开发工程师,前端开发工程师-中级,上海罗盘信息科技有限公司,1.5-2万/月,上海-黄浦区,民营公司,3-4年经验,6,招2人,,150-500人
2140,前端开发,HTML5开发工程师,web前端（熟练react、Vue）,上海裕宁信息科技有限公司,1.5-1.7万/月,上海-浦东新区,民营公司,3-4年经验,6,招2人,五险一金 员工旅游 绩效奖金 年终奖金 交通补贴 专业培训,150-500人
2141,前端开发,HTML5开发工程师,Web前端开发工程师,上海云简软件科技有限公司,1.5-2.5万/月,上海-浦东新区,民营公司,3-4年经验,6,招8人,年底双薪 股票期权 带薪年假 午餐补助 扁平管理 技能培训 岗位晋升 五险一金 发展空间大 全勤奖,50-150人
2142,前端开发,HTML5开发工程师,HTML5开发工程师,上海及未科技有限公司,1-1.8万/月,上海-徐汇区,民营公司,3-4年经验,5,招2人,五险一金 员工旅游 专业培训 绩效奖金 年终奖金 周末双休 带薪年假 节日福利 全勤奖 餐饮补贴,150-500人
2143,前端开发,HTML5开发工程师,HTML5开发工程师（19）,上海复深蓝软件股份有限公司,1.3-1.8万/月,上海,上市公司,3-4年经验,6,招2人,,1000-5000人
2144,前端开发,HTML5开发工程师,前端开发工程师,上海及未科技有限公司,1.2-2万/月,上海-徐汇区,民营公司,3-4年经验,6,招2人,周末双休 节日福利 全勤奖 五险一金 定期体检,150-500人
2145,前端开发,HTML5开发工程师,HTML5开发工程师,深圳市德科信息技术有限公司,1.5-2万/月,上海-浦东新区,民营公司,5-7年经验,6,招1人,五险一金,1000-5000人
2146,前端开发,HTML5开发工程师,前端开发工程师Vue（08）,上海复深蓝软件股份有限公司,1.6-2.2万/月,上海-浦东新区,上市公司,3-4年经验,5,招1人,五险一金 年终奖金 做五休二 出国机会,1000-5000人
2147,前端开发,HTML5开发工程师,前端开发工程师（外包）,大连东软思维科技发展有限公司,1.5-2万/月,上海-长宁区,民营公司,3-4年经验,6,招若干人,,1000-5000人
2148,前端开发,HTML5开发工程师,HTML5前端工程师,上海斜杠达人数码科技有限公司,1.5-2万/月,上海-长宁区,民营公司,3-4年经验,5,招1人,五险一金,少于50人
2149,前端开发,HTML5开发工程师,前端开发工程师,深圳市德科信息技术有限公司,1.2-1.6万/月,上海-徐汇区,民营公司,3-4年经验,6,招1人,五险一金 年终奖金 专业培训 弹性工作 周末双休,1000-5000人
2150,前端开发,HTML5开发工程师,前端开发工程师,深圳市德科信息技术有限公司,1.6-2.2万/月,上海-浦东新区,民营公司,3-4年经验,6,招1人,五险一金 年终奖金 交通补贴 一年两次调薪 季度奖金,1000-5000人
2151,前端开发,HTML5开发工程师,HTML5开发工程师1,深圳市德科信息技术有限公司,1.8-2.5万/月,上海-浦东新区,民营公司,5-7年经验,6,招2人,年终奖金 员工旅游 生日福利 节假日福利 六险一金,1000-5000人
2152,前端开发,HTML5开发工程师,HTML5软件开发工程师（安吉星）,深圳市德科信息技术有限公司,1.5-2万/月,上海-浦东新区,民营公司,5-7年经验,6,招1人,五险一金 弹性工作 年终奖金 节日福利 带薪年假,1000-5000人
2153,前端开发,HTML5开发工程师,H5前端开发,北京腾信软创科技股份有限公司,1-1.5万/月,上海-浦东新区,上市公司,3-4年经验,5,招1人,定期体检 五险一金 员工旅游 交通补贴 餐饮补贴 专业培训,500-1000人
2154,前端开发,HTML5开发工程师,H5开发-天际汽车,大连东软思维科技发展有限公司,1.5-2万/月,上海-嘉定区,民营公司,5-7年经验,6,招1人,五险一金 补充医疗保险 补充公积金 弹性工作 年终奖金 绩效奖金 定期体检 专业培训,1000-5000人
2155,前端开发,HTML5开发工程师,Java开发工程师,申朴信息技术（上海）股份有限公司,1.3-1.8万/月,上海-浦东新区,上市公司,3-4年经验,5,招3人,五险一金 年终奖金,500-1000人
2156,前端开发,HTML5开发工程师,Java开发工程师,申朴信息技术（上海）股份有限公司,1.3-1.8万/月,上海-浦东新区,上市公司,3-4年经验,5,招3人,五险一金 年终奖金,500-1000人
2157,前端开发,HTML5开发工程师,Java开发工程师,申朴信息技术（上海）股份有限公司,1.3-1.8万/月,上海-浦东新区,上市公司,3-4年经验,5,招3人,五险一金 年终奖金,500-1000人
2158,前端开发,HTML5开发工程师,Java开发工程师,申朴信息技术（上海）股份有限公司,1.3-1.8万/月,上海-浦东新区,上市公司,3-4年经验,5,招3人,五险一金 年终奖金,500-1000人
2159,前端开发,HTML5开发工程师,Java开发工程师,申朴信息技术（上海）股份有限公司,1.3-1.8万/月,上海-浦东新区,上市公司,3-4年经验,5,招3人,五险一金 年终奖金,500-1000人
2160,前端开发,HTML5开发工程师,Java开发工程师,申朴信息技术（上海）股份有限公司,1.3-1.8万/月,上海-闵行区,上市公司,3-4年经验,5,招3人,五险一金 年终奖金,500-1000人
2161,前端开发,HTML5开发工程师,Java开发工程师,申朴信息技术（上海）股份有限公司,1.3-1.8万/月,上海-浦东新区,上市公司,3-4年经验,5,招3人,五险一金 年终奖金,500-1000人
2162,前端开发,HTML5开发工程师,Java开发工程师,申朴信息技术（上海）股份有限公司,1.3-1.8万/月,上海-徐汇区,上市公司,3-4年经验,5,招3人,五险一金 年终奖金,500-1000人
2163,前端开发,HTML5开发工程师,Java开发工程师,申朴信息技术（上海）股份有限公司,1.3-1.8万/月,上海-闵行区,上市公司,3-4年经验,5,招3人,五险一金 年终奖金,500-1000人
2164,前端开发,HTML5开发工程师,Java开发工程师,申朴信息技术（上海）股份有限公司,1.3-1.8万/月,上海-浦东新区,上市公司,3-4年经验,5,招3人,五险一金 年终奖金,500-1000人
2165,前端开发,HTML5开发工程师,Java开发工程师,申朴信息技术（上海）股份有限公司,1.3-1.8万/月,上海-闵行区,上市公司,3-4年经验,5,招3人,五险一金 年终奖金,500-1000人
2166,前端开发,HTML5开发工程师,Java开发工程师,申朴信息技术（上海）股份有限公司,1.3-1.8万/月,上海-徐汇区,上市公司,3-4年经验,5,招3人,五险一金 年终奖金,500-1000人
2167,前端开发,HTML5开发工程师,Java开发工程师,申朴信息技术（上海）股份有限公司,1.3-1.8万/月,上海-徐汇区,上市公司,3-4年经验,5,招3人,五险一金 年终奖金,500-1000人
2168,前端开发,HTML5开发工程师,web实习生（可转正）,上海翔盛悦信息技术有限公司,3-6千/月,上海-浦东新区,民营公司,在校生/应届生,6,招若干人,绩效奖金 优秀员工奖励,少于50人
2169,前端开发,HTML5开发工程师,web前端开发工程师（VUE）驻场,上海宝资软件有限公司,0.9-1.5万/月,上海-宝山区,民营公司,在校生/应届生,6,招8人,餐饮补贴 五险一金 节日福利 出差补贴 做五休二,150-500人
